-1 -1 -1 -1 -1 -1 -1 -1 -1 -1 -1 -1 -1 -1 -1 -1 -1 -1 -1 -1 -1 -1 -1 -1 
-1 -1 -1 -1 -1 -1 -1 -1 -1 -1 -1 -1 -1 -1 -1 -1 -1 -1 -1 -1 -1 -1 -1 -1 
-1 -1 -1 -1 -1 -1 -1 -1 -1 -1 -1 -1 -1 -1 -1 -1 -1 -1 -1 -1 -1 -1 -1 -1 
-1 -1 -1 -1 -1 -1 -1 -1 -1 -1 -1 -1 -1 -1 -1 -1 -1 -1 -1 -1 -1 -1 -1 -1 
-1 -1 -1 -1 -1 -1 -1 -1 -1 -1 -1 -1 -1 -1 -1 -1 -1 -1 -1 -1 -1 -1 -1 -1 
-1 -1 -1 -1 -1 -1 -1 -1 -1 -1 -1 -1 -1 -1 -1 -1 -1 -1 -1 -1 -1 -1 -1 -1 
-1 -1 -1 -1 -1 -1 -1 -1 -1 -1 -1 -1 -1 -1 -1 -1 -1 -1 -1 -1 -1 -1 -1 -1 
-1 -1 -1 -1 -1 -1 -1 -1 -1 -1 -1 -1 -1 -1 -1 -1 -1 -1 -1 -1 -1 -1 -1 -1 
-1 -1 -1 -1 -1 -1 -1 -1 -1 -1 -1 -1 -1 -1 -1 -1 -1 -1 -1 -1 -1 -1 -1 -1 
-1 -1 -1 -1 -1 -1 -1 -1 -1 -1 -1 -1 -1 -1 -1 -1 -1 -1 -1 -1 -1 -1 -1 -1 
-1 -1 -1 -1 -1 -1 -1 -1 -1 -1 -1 -1 -1 -1 -1 -1 -1 -1 -1 -1 -1 -1 -1 -1 
-1 -1 -1 -1 -1 -1 -1 -1 -1 -1 -1 -1 -1 -1 -1 -1 -1 -1 -1 -1 -1 -1 -1 -1 
-1 -1 -1 -1 -1 -1 -1 -1 -1 -1 -1 -1 -1 -1 -1 -1 -1 -1 -1 -1 -1 -1 -1 -1 
-1 -1 -1 -1 -1 -1 -1 -1 -1 -1 -1 -1 -1 -1 -1 -1 -1 -1 -1 -1 -1 -1 -1 -1 
-1 -1 -1 -1 -1 -1 -1 -1 -1 -1 -1 -1 -1 -1 -1 -1 -1 -1 -1 -1 -1 -1 -1 -1 
-1 -1 -1 -1 -1 -1 -1 -1 -1 -1 -1 -1 -1 -1 -1 -1 -1 -1 -1 -1 -1 -1 -1 -1 
-1 -1 -1 -1 -1 -1 -1 -1 -1 -1 -1 -1 -1 -1 -1 -1 -1 -1 -1 -1 -1 -1 -1 -1 
-1 -1 -1 -1 -1 -1 -1 -1 -1 -1 -1 -1 -1 -1 -1 -1 -1 -1 -1 -1 -1 -1 -1 -1 
-1 -1 -1 -1 -1 -1 -1 -1 -1 -1 -1 -1 -1 -1 -1 -1 -1 -1 -1 -1 -1 -1 -1 -1 
-1 -1 -1 -1 -1 -1 -1 -1 -1 -1 -1 -1 -1 -1 -1 -1 -1 -1 -1 -1 -1 -1 -1 -1 
-1 -1 -1 -1 -1 -1 -1 -1 -1 -1 -1 -1 -1 -1 -1 -1 -1 -1 -1 -1 -1 -1 -1 -1 
-1 -1 -1 -1 -1 -1 -1 -1 -1 -1 -1 -1 -1 -1 -1 -1 -1 -1 -1 -1 -1 -1 -1 -1 
-1 -1 -1 -1 -1 -1 -1 -1 -1 -1 -1 -1 -1 -1 -1 -1 -1 -1 -1 -1 -1 -1 -1 -1 
-1 -1 -1 -1 -1 -1 -1 -1 -1 -1 -1 -1 -1 -1 -1 -1 -1 -1 -1 -1 -1 -1 -1 -1 
-1 -1 -1 -1 -1 -1 -1 -1 -1 -1 -1 -1 -1 -1 -1 -1 -1 -1 -1 -1 -1 -1 -1 -1 
-1 -1 -1 -1 -1 -1 -1 -1 -1 -1 -1 -1 -1 -1 -1 -1 -1 -1 -1 -1 -1 -1 -1 -1 
-1 -1 -1 -1 -1 -1 -1 -1 -1 -1 -1 -1 -1 -1 -1 -1 -1 -1 -1 -1 -1 -1 -1 -1 
-1 -1 -1 -1 -1 -1 -1 -1 -1 -1 -1 -1 -1 -1 -1 -1 -1 -1 -1 -1 -1 -1 -1 -1 
-1 -1 -1 -1 -1 -1 -1 -1 -1 -1 -1 -1 -1 -1 -1 -1 -1 -1 -1 -1 -1 -1 -1 -1 
-1 -1 -1 -1 -1 -1 -1 -1 -1 -1 -1 -1 -1 -1 -1 -1 -1 -1 -1 -1 -1 -1 -1 -1 
-1 -1 -1 -1 -1 -1 -1 -1 -1 -1 -1 -1 -1 -1 -1 -1 -1 -1 -1 -1 -1 -1 -1 -1 
-1 -1 -1 -1 -1 -1 -1 -1 -1 -1 -1 -1 -1 -1 -1 -1 -1 -1 -1 -1 -1 -1 -1 -1 
172 141 231 111 128 118 224 41 141 120 200 -20 146 14 182 -1 122 -56 150 -69 90 -114 117 -131 
-1 -1 -1 -1 -1 -1 -1 -1 -1 -1 -1 -1 -1 -1 -1 -1 -1 -1 -1 -1 -1 -1 -1 -1 
-1 -1 -1 -1 -1 -1 -1 -1 -1 -1 -1 -1 -1 -1 -1 -1 -1 -1 -1 -1 -1 -1 -1 -1 
-1 -1 -1 -1 -1 -1 -1 -1 -1 -1 -1 -1 -1 -1 -1 -1 -1 -1 -1 -1 -1 -1 -1 -1 
-1 -1 -1 -1 -1 -1 -1 -1 -1 -1 -1 -1 -1 -1 -1 -1 -1 -1 -1 -1 -1 -1 -1 -1 
-1 -1 -1 -1 -1 -1 -1 -1 -1 -1 -1 -1 -1 -1 -1 -1 -1 -1 -1 -1 -1 -1 -1 -1 
-1 -1 -1 -1 -1 -1 -1 -1 -1 -1 -1 -1 -1 -1 -1 -1 -1 -1 -1 -1 -1 -1 -1 -1 
435 53 222 58 462 228 204 227 490 290 157 294 399 349 274 352 409 556 276 560 430 726 292 704 
434 61 219 66 462 238 201 244 490 290 145 294 399 360 273 365 408 578 277 578 430 754 296 717 
434 71 217 72 461 256 198 255 495 287 123 288 399 368 273 375 405 578 279 588 430 750 303 725 
434 78 216 81 461 269 197 265 503 280 109 276 400 374 273 382 406 586 279 596 434 729 304 729 
435 90 216 97 462 281 197 280 506 279 104 273 404 381 274 392 412 593 269 612 445 776 277 795 
436 107 217 116 463 300 199 296 505 283 112 275 408 400 274 408 420 614 268 622 445 789 273 800 
440 126 221 127 465 319 203 307 505 293 116 276 408 422 274 425 419 623 261 624 426 791 260 801 
445 146 228 143 469 338 206 318 504 295 118 277 408 437 275 439 417 633 258 629 426 786 260 749 
455 157 241 148 473 339 213 318 522 281 119 270 409 444 276 445 414 630 256 631 418 785 262 735 
462 160 249 155 477 350 229 328 519 272 146 268 415 439 281 438 423 632 254 635 415 811 265 747 
478 167 252 160 488 364 229 337 496 273 185 269 418 452 283 449 423 627 250 639 416 802 266 738 
475 170 258 166 493 352 231 339 496 274 192 270 419 445 285 445 433 609 246 635 417 796 268 737 
473 176 259 172 490 362 239 346 508 268 179 271 419 449 284 449 429 613 241 634 417 807 268 738 
477 178 264 174 493 358 243 347 506 269 176 267 418 454 285 448 429 625 242 633 414 807 270 737 
476 179 266 171 499 358 240 345 472 273 209 268 419 453 286 449 428 638 247 633 406 806 279 737 
475 176 263 168 498 357 238 351 466 273 220 268 419 453 287 450 426 638 248 632 407 805 279 729 
474 179 268 174 497 357 239 346 505 262 206 268 420 450 289 448 438 616 245 615 411 801 281 722 
474 180 269 174 496 357 243 344 528 257 180 264 420 449 289 447 422 616 245 615 411 801 288 720 
474 181 271 173 497 360 246 343 526 250 177 260 421 448 290 447 426 616 243 612 412 801 286 778 
474 179 270 171 499 361 245 342 500 253 190 261 421 448 290 447 420 626 243 617 412 800 286 740 
474 177 271 171 498 359 244 342 500 263 189 262 420 444 290 443 428 603 244 602 407 773 283 716 
474 181 271 173 498 358 244 341 534 266 176 272 419 447 288 446 428 623 244 606 404 790 280 716 
473 181 270 174 494 356 249 341 535 280 175 282 417 453 285 452 422 632 245 613 403 803 278 718 
472 183 267 174 494 361 249 340 534 295 178 291 417 452 284 453 421 631 243 617 411 802 276 719 
472 184 266 177 499 360 248 341 551 304 176 300 419 452 286 453 419 632 243 617 411 802 275 719 
475 184 266 178 500 359 247 341 568 318 150 299 420 454 286 453 411 634 245 625 410 804 276 720 
475 184 266 178 500 356 248 342 561 325 149 302 421 454 286 453 406 637 249 628 404 818 270 799 
475 185 266 180 500 356 248 342 554 336 152 318 422 454 287 453 406 629 249 622 424 812 278 769 
476 185 266 181 500 356 247 344 556 340 149 315 422 454 287 453 407 630 250 622 422 810 279 751 
475 186 266 181 498 356 247 344 553 348 150 321 422 454 287 454 407 630 253 629 421 819 276 811 
474 186 266 182 496 356 246 344 548 353 156 331 421 455 287 454 407 631 253 626 424 817 278 803 
474 187 266 182 498 356 244 346 550 353 157 336 421 455 287 454 412 632 253 629 427 825 272 819 
473 187 265 183 497 354 245 347 537 363 176 360 421 455 288 453 411 637 266 657 415 841 273 839 
472 187 265 183 496 343 246 344 518 379 191 382 420 455 289 455 412 634 265 640 428 813 284 819 
471 185 266 183 497 328 248 338 511 423 204 424 419 455 289 453 412 640 264 639 425 812 284 755 
471 183 266 183 499 331 248 337 481 442 230 453 421 455 293 453 412 645 263 635 421 812 283 796 
470 181 266 182 500 332 247 337 473 448 233 457 422 455 295 452 412 647 262 631 420 807 285 743 
470 178 265 180 502 334 240 337 471 453 233 462 423 454 295 451 412 647 261 631 422 810 285 795 
471 177 261 176 511 331 221 336 468 450 234 463 423 449 295 445 408 632 257 609 419 773 284 727 
469 175 253 173 534 323 190 330 471 438 227 454 423 448 293 444 430 603 256 601 415 743 285 735 
460 171 246 172 566 294 132 291 477 433 208 445 416 449 282 445 414 609 256 625 404 760 272 771 
454 171 235 174 574 290 102 273 480 432 179 407 414 450 279 454 404 629 261 646 405 773 272 796 
447 176 226 180 564 299 107 286 476 428 180 406 413 449 278 456 393 629 264 644 407 778 287 797 
440 177 217 184 556 301 106 292 472 427 180 406 407 452 276 465 392 647 270 652 407 803 301 808 
425 169 206 184 555 297 105 296 467 424 181 406 406 442 276 462 389 639 274 655 409 805 298 813 
413 150 198 162 548 280 104 292 462 410 183 405 399 436 274 454 389 643 280 654 409 808 296 809 
400 117 187 134 534 263 102 277 454 386 179 390 395 412 271 430 396 635 282 642 409 798 305 799 
392 89 181 106 514 233 95 248 444 360 171 365 386 387 265 405 395 606 280 623 409 721 303 784 
385 59 170 74 499 205 77 222 436 335 158 343 379 364 261 385 395 596 285 614 410 713 302 784 
379 43 158 62 492 184 52 213 430 321 141 342 367 347 244 363 395 575 274 593 410 695 301 761 
371 35 152 53 471 178 50 222 432 330 136 354 361 345 235 367 384 577 273 596 407 704 307 710 
361 33 149 57 441 188 65 232 441 326 143 365 359 349 234 368 385 575 271 582 405 706 305 698 
358 41 145 61 441 197 73 238 481 323 173 367 357 348 230 369 385 573 270 584 405 709 305 705 
360 36 142 57 450 195 77 241 517 312 194 361 360 346 233 373 386 579 270 590 409 709 297 756 
367 33 148 50 458 184 86 243 557 299 193 363 362 343 236 370 387 577 270 590 413 699 297 720 
373 29 152 48 486 177 89 237 590 298 172 376 377 346 251 371 403 577 274 591 452 739 288 779 
403 25 168 45 518 172 89 218 593 309 106 383 401 350 272 373 428 597 274 614 450 775 288 798 
432 19 186 42 537 169 87 202 560 314 27 381 435 350 291 368 445 585 280 614 448 764 289 725 
456 24 202 44 548 177 100 171 477 314 17 276 450 352 312 368 465 568 302 590 457 718 304 695 
474 29 216 44 554 195 105 166 439 317 14 250 469 353 338 370 487 568 324 588 478 730 318 706 
483 28 236 42 563 203 123 158 429 317 9 261 487 354 359 371 489 573 334 590 487 763 333 701 
500 27 238 44 577 210 119 171 450 337 11 377 490 368 349 387 496 607 339 630 492 783 332 709 
507 26 246 38 593 213 132 192 521 381 94 417 486 379 336 388 494 638 332 666 494 812 329 834 
513 26 247 36 604 215 161 232 622 399 233 428 489 377 329 385 487 643 322 661 496 813 304 847 
501 21 239 34 612 210 185 245 685 387 309 414 481 385 315 385 467 643 297 652 462 748 267 822 
497 15 228 27 608 182 183 244 696 366 338 364 463 385 287 372 453 642 264 647 445 820 262 828 
495 5 194 22 598 171 171 243 682 355 324 334 419 375 258 370 415 637 263 644 394 808 243 821 
439 12 154 31 550 176 107 240 643 359 279 327 352 402 197 398 342 658 203 674 308 849 188 867 
-1 -1 -1 -1 -1 -1 -1 -1 -1 -1 -1 -1 -1 -1 -1 -1 -1 -1 -1 -1 -1 -1 -1 -1 
-1 -1 -1 -1 -1 -1 -1 -1 -1 -1 -1 -1 -1 -1 -1 -1 -1 -1 -1 -1 -1 -1 -1 -1 
-1 -1 -1 -1 -1 -1 -1 -1 -1 -1 -1 -1 -1 -1 -1 -1 -1 -1 -1 -1 -1 -1 -1 -1 
-1 -1 -1 -1 -1 -1 -1 -1 -1 -1 -1 -1 -1 -1 -1 -1 -1 -1 -1 -1 -1 -1 -1 -1 
-1 -1 -1 -1 -1 -1 -1 -1 -1 -1 -1 -1 -1 -1 -1 -1 -1 -1 -1 -1 -1 -1 -1 -1 
-1 -1 -1 -1 -1 -1 -1 -1 -1 -1 -1 -1 -1 -1 -1 -1 -1 -1 -1 -1 -1 -1 -1 -1 
-1 -1 -1 -1 -1 -1 -1 -1 -1 -1 -1 -1 -1 -1 -1 -1 -1 -1 -1 -1 -1 -1 -1 -1 
-1 -1 -1 -1 -1 -1 -1 -1 -1 -1 -1 -1 -1 -1 -1 -1 -1 -1 -1 -1 -1 -1 -1 -1 
-1 -1 -1 -1 -1 -1 -1 -1 -1 -1 -1 -1 -1 -1 -1 -1 -1 -1 -1 -1 -1 -1 -1 -1 
-1 -1 -1 -1 -1 -1 -1 -1 -1 -1 -1 -1 -1 -1 -1 -1 -1 -1 -1 -1 -1 -1 -1 -1 
167 501 531 472 25 153 560 160 167 427 573 447 85 -188 376 -199 63 -736 348 -759 30 -1262 263 -1248 
-95 439 298 401 -149 133 514 160 107 424 548 452 -80 -237 190 -229 -70 -778 204 -783 -80 -1273 150 -1272 
5 485 381 500 -94 293 517 284 70 493 513 455 70 -121 317 -100 89 -604 351 -588 96 -1083 328 -1058 
35 202 388 160 72 303 507 281 302 542 515 500 109 -362 334 -349 126 -852 356 -831 123 -1311 326 -1301 
198 150 303 150 370 273 485 310 504 520 517 494 191 -378 272 -354 224 -595 318 -481 211 -885 326 -844 
273 152 348 153 384 316 486 298 511 513 519 492 268 -336 290 -329 314 -240 332 -235 357 -346 350 -375 
292 160 342 183 472 332 491 323 531 555 519 529 282 -319 291 -309 306 -206 332 -194 345 -363 335 -335 
261 193 299 222 495 407 492 385 558 590 519 563 264 -278 257 -250 312 -96 320 -80 341 -186 336 -137 
103 447 312 414 118 387 492 369 414 564 518 543 153 -113 276 -106 166 -336 321 -366 171 -803 331 -795 
-10 452 252 436 74 361 406 385 419 533 519 535 39 -86 213 -76 90 -400 276 -401 96 -792 277 -786 
-1 -1 -1 -1 -1 -1 -1 -1 -1 -1 -1 -1 -1 -1 -1 -1 -1 -1 -1 -1 -1 -1 -1 -1 
-1 -1 -1 -1 -1 -1 -1 -1 -1 -1 -1 -1 -1 -1 -1 -1 -1 -1 -1 -1 -1 -1 -1 -1 
-1 -1 -1 -1 -1 -1 -1 -1 -1 -1 -1 -1 -1 -1 -1 -1 -1 -1 -1 -1 -1 -1 -1 -1 
-1 -1 -1 -1 -1 -1 -1 -1 -1 -1 -1 -1 -1 -1 -1 -1 -1 -1 -1 -1 -1 -1 -1 -1 
-1 -1 -1 -1 -1 -1 -1 -1 -1 -1 -1 -1 -1 -1 -1 -1 -1 -1 -1 -1 -1 -1 -1 -1 
-1 -1 -1 -1 -1 -1 -1 -1 -1 -1 -1 -1 -1 -1 -1 -1 -1 -1 -1 -1 -1 -1 -1 -1 
-1 -1 -1 -1 -1 -1 -1 -1 -1 -1 -1 -1 -1 -1 -1 -1 -1 -1 -1 -1 -1 -1 -1 -1 
-1 -1 -1 -1 -1 -1 -1 -1 -1 -1 -1 -1 -1 -1 -1 -1 -1 -1 -1 -1 -1 -1 -1 -1 
-1 -1 -1 -1 -1 -1 -1 -1 -1 -1 -1 -1 -1 -1 -1 -1 -1 -1 -1 -1 -1 -1 -1 -1 
-1 -1 -1 -1 -1 -1 -1 -1 -1 -1 -1 -1 -1 -1 -1 -1 -1 -1 -1 -1 -1 -1 -1 -1 
-1 -1 -1 -1 -1 -1 -1 -1 -1 -1 -1 -1 -1 -1 -1 -1 -1 -1 -1 -1 -1 -1 -1 -1 
-1 -1 -1 -1 -1 -1 -1 -1 -1 -1 -1 -1 -1 -1 -1 -1 -1 -1 -1 -1 -1 -1 -1 -1 
658 526 613 582 694 522 633 617 657 527 637 596 732 605 705 644 770 584 739 677 756 584 808 684 
-1 -1 -1 -1 -1 -1 -1 -1 -1 -1 -1 -1 -1 -1 -1 -1 -1 -1 -1 -1 -1 -1 -1 -1 
650 515 652 513 627 515 626 509 601 526 588 521 716 544 717 538 665 532 668 525 626 527 635 526 
635 516 626 549 630 500 611 547 600 508 579 542 697 548 694 563 670 537 666 553 633 526 634 553 
617 497 614 506 604 504 602 534 585 509 576 537 683 523 678 524 662 533 649 519 627 515 626 528 
-1 -1 -1 -1 -1 -1 -1 -1 -1 -1 -1 -1 -1 -1 -1 -1 -1 -1 -1 -1 -1 -1 -1 -1 
-1 -1 -1 -1 -1 -1 -1 -1 -1 -1 -1 -1 -1 -1 -1 -1 -1 -1 -1 -1 -1 -1 -1 -1 
-1 -1 -1 -1 -1 -1 -1 -1 -1 -1 -1 -1 -1 -1 -1 -1 -1 -1 -1 -1 -1 -1 -1 -1 
-1 -1 -1 -1 -1 -1 -1 -1 -1 -1 -1 -1 -1 -1 -1 -1 -1 -1 -1 -1 -1 -1 -1 -1 
-1 -1 -1 -1 -1 -1 -1 -1 -1 -1 -1 -1 -1 -1 -1 -1 -1 -1 -1 -1 -1 -1 -1 -1 
-1 -1 -1 -1 -1 -1 -1 -1 -1 -1 -1 -1 -1 -1 -1 -1 -1 -1 -1 -1 -1 -1 -1 -1 
-1 -1 -1 -1 -1 -1 -1 -1 -1 -1 -1 -1 -1 -1 -1 -1 -1 -1 -1 -1 -1 -1 -1 -1 
-1 -1 -1 -1 -1 -1 -1 -1 -1 -1 -1 -1 -1 -1 -1 -1 -1 -1 -1 -1 -1 -1 -1 -1 
-1 -1 -1 -1 -1 -1 -1 -1 -1 -1 -1 -1 -1 -1 -1 -1 -1 -1 -1 -1 -1 -1 -1 -1 
560 507 561 496 615 552 572 534 641 558 563 521 632 609 632 602 555 619 559 597 528 678 551 670 
593 480 540 498 646 498 554 541 648 501 565 517 642 590 616 597 559 615 549 604 594 678 575 670 
586 489 540 495 597 501 554 509 571 479 560 478 641 593 616 597 523 601 535 584 481 688 533 661 
579 483 546 494 587 490 547 507 552 466 547 478 638 595 619 596 522 600 528 587 501 691 528 672 
576 487 548 494 587 494 543 506 553 474 532 480 635 597 621 597 530 601 550 607 571 689 587 672 
553 499 569 486 576 504 572 489 550 486 535 471 627 609 630 597 518 602 551 609 552 692 589 674 
569 477 559 483 583 490 545 500 567 476 540 477 631 593 628 589 506 590 541 582 552 688 577 655 
569 483 566 484 588 490 573 502 565 472 551 481 631 596 629 591 549 603 583 600 597 684 623 655 
-1 -1 -1 -1 -1 -1 -1 -1 -1 -1 -1 -1 -1 -1 -1 -1 -1 -1 -1 -1 -1 -1 -1 -1 
-1 -1 -1 -1 -1 -1 -1 -1 -1 -1 -1 -1 -1 -1 -1 -1 -1 -1 -1 -1 -1 -1 -1 -1 
-1 -1 -1 -1 -1 -1 -1 -1 -1 -1 -1 -1 -1 -1 -1 -1 -1 -1 -1 -1 -1 -1 -1 -1 
-1 -1 -1 -1 -1 -1 -1 -1 -1 -1 -1 -1 -1 -1 -1 -1 -1 -1 -1 -1 -1 -1 -1 -1 
-1 -1 -1 -1 -1 -1 -1 -1 -1 -1 -1 -1 -1 -1 -1 -1 -1 -1 -1 -1 -1 -1 -1 -1 
-1 -1 -1 -1 -1 -1 -1 -1 -1 -1 -1 -1 -1 -1 -1 -1 -1 -1 -1 -1 -1 -1 -1 -1 
-1 -1 -1 -1 -1 -1 -1 -1 -1 -1 -1 -1 -1 -1 -1 -1 -1 -1 -1 -1 -1 -1 -1 -1 
-1 -1 -1 -1 -1 -1 -1 -1 -1 -1 -1 -1 -1 -1 -1 -1 -1 -1 -1 -1 -1 -1 -1 -1 
-1 -1 -1 -1 -1 -1 -1 -1 -1 -1 -1 -1 -1 -1 -1 -1 -1 -1 -1 -1 -1 -1 -1 -1 
-1 -1 -1 -1 -1 -1 -1 -1 -1 -1 -1 -1 -1 -1 -1 -1 -1 -1 -1 -1 -1 -1 -1 -1 
667 438 635 514 676 411 632 528 698 432 667 517 709 483 692 522 693 464 681 502 702 457 696 492 
-1 -1 -1 -1 -1 -1 -1 -1 -1 -1 -1 -1 -1 -1 -1 -1 -1 -1 -1 -1 -1 -1 -1 -1 
-1 -1 -1 -1 -1 -1 -1 -1 -1 -1 -1 -1 -1 -1 -1 -1 -1 -1 -1 -1 -1 -1 -1 -1 
186 127 187 92 201 134 178 72 238 119 202 77 101 85 112 66 57 63 79 35 32 39 31 23 
185 133 193 97 194 134 202 82 224 119 229 90 107 100 117 75 63 91 80 40 27 71 31 32 
-1 -1 -1 -1 -1 -1 -1 -1 -1 -1 -1 -1 -1 -1 -1 -1 -1 -1 -1 -1 -1 -1 -1 -1 
-1 -1 -1 -1 -1 -1 -1 -1 -1 -1 -1 -1 -1 -1 -1 -1 -1 -1 -1 -1 -1 -1 -1 -1 
-1 -1 -1 -1 -1 -1 -1 -1 -1 -1 -1 -1 -1 -1 -1 -1 -1 -1 -1 -1 -1 -1 -1 -1 
-1 -1 -1 -1 -1 -1 -1 -1 -1 -1 -1 -1 -1 -1 -1 -1 -1 -1 -1 -1 -1 -1 -1 -1 
-1 -1 -1 -1 -1 -1 -1 -1 -1 -1 -1 -1 -1 -1 -1 -1 -1 -1 -1 -1 -1 -1 -1 -1 
-1 -1 -1 -1 -1 -1 -1 -1 -1 -1 -1 -1 -1 -1 -1 -1 -1 -1 -1 -1 -1 -1 -1 -1 
-1 -1 -1 -1 -1 -1 -1 -1 -1 -1 -1 -1 -1 -1 -1 -1 -1 -1 -1 -1 -1 -1 -1 -1 
-1 -1 -1 -1 -1 -1 -1 -1 -1 -1 -1 -1 -1 -1 -1 -1 -1 -1 -1 -1 -1 -1 -1 -1 
-1 -1 -1 -1 -1 -1 -1 -1 -1 -1 -1 -1 -1 -1 -1 -1 -1 -1 -1 -1 -1 -1 -1 -1 
-1 -1 -1 -1 -1 -1 -1 -1 -1 -1 -1 -1 -1 -1 -1 -1 -1 -1 -1 -1 -1 -1 -1 -1 
-1 -1 -1 -1 -1 -1 -1 -1 -1 -1 -1 -1 -1 -1 -1 -1 -1 -1 -1 -1 -1 -1 -1 -1 
-1 -1 -1 -1 -1 -1 -1 -1 -1 -1 -1 -1 -1 -1 -1 -1 -1 -1 -1 -1 -1 -1 -1 -1 
-1 -1 -1 -1 -1 -1 -1 -1 -1 -1 -1 -1 -1 -1 -1 -1 -1 -1 -1 -1 -1 -1 -1 -1 
-1 -1 -1 -1 -1 -1 -1 -1 -1 -1 -1 -1 -1 -1 -1 -1 -1 -1 -1 -1 -1 -1 -1 -1 
-1 -1 -1 -1 -1 -1 -1 -1 -1 -1 -1 -1 -1 -1 -1 -1 -1 -1 -1 -1 -1 -1 -1 -1 
-1 -1 -1 -1 -1 -1 -1 -1 -1 -1 -1 -1 -1 -1 -1 -1 -1 -1 -1 -1 -1 -1 -1 -1 
-1 -1 -1 -1 -1 -1 -1 -1 -1 -1 -1 -1 -1 -1 -1 -1 -1 -1 -1 -1 -1 -1 -1 -1 
-1 -1 -1 -1 -1 -1 -1 -1 -1 -1 -1 -1 -1 -1 -1 -1 -1 -1 -1 -1 -1 -1 -1 -1 
-1 -1 -1 -1 -1 -1 -1 -1 -1 -1 -1 -1 -1 -1 -1 -1 -1 -1 -1 -1 -1 -1 -1 -1 
-1 -1 -1 -1 -1 -1 -1 -1 -1 -1 -1 -1 -1 -1 -1 -1 -1 -1 -1 -1 -1 -1 -1 -1 
-1 -1 -1 -1 -1 -1 -1 -1 -1 -1 -1 -1 -1 -1 -1 -1 -1 -1 -1 -1 -1 -1 -1 -1 
-1 -1 -1 -1 -1 -1 -1 -1 -1 -1 -1 -1 -1 -1 -1 -1 -1 -1 -1 -1 -1 -1 -1 -1 
-1 -1 -1 -1 -1 -1 -1 -1 -1 -1 -1 -1 -1 -1 -1 -1 -1 -1 -1 -1 -1 -1 -1 -1 
-1 -1 -1 -1 -1 -1 -1 -1 -1 -1 -1 -1 -1 -1 -1 -1 -1 -1 -1 -1 -1 -1 -1 -1 
-1 -1 -1 -1 -1 -1 -1 -1 -1 -1 -1 -1 -1 -1 -1 -1 -1 -1 -1 -1 -1 -1 -1 -1 
604 192 612 208 618 154 633 173 654 169 654 169 594 131 597 142 625 155 626 172 648 158 648 165 
604 198 602 205 638 164 633 173 681 163 666 167 587 138 586 143 633 171 631 172 687 158 679 160 
-1 -1 -1 -1 -1 -1 -1 -1 -1 -1 -1 -1 -1 -1 -1 -1 -1 -1 -1 -1 -1 -1 -1 -1 
-1 -1 -1 -1 -1 -1 -1 -1 -1 -1 -1 -1 -1 -1 -1 -1 -1 -1 -1 -1 -1 -1 -1 -1 
-1 -1 -1 -1 -1 -1 -1 -1 -1 -1 -1 -1 -1 -1 -1 -1 -1 -1 -1 -1 -1 -1 -1 -1 
-1 -1 -1 -1 -1 -1 -1 -1 -1 -1 -1 -1 -1 -1 -1 -1 -1 -1 -1 -1 -1 -1 -1 -1 
-1 -1 -1 -1 -1 -1 -1 -1 -1 -1 -1 -1 -1 -1 -1 -1 -1 -1 -1 -1 -1 -1 -1 -1 
-1 -1 -1 -1 -1 -1 -1 -1 -1 -1 -1 -1 -1 -1 -1 -1 -1 -1 -1 -1 -1 -1 -1 -1 
-1 -1 -1 -1 -1 -1 -1 -1 -1 -1 -1 -1 -1 -1 -1 -1 -1 -1 -1 -1 -1 -1 -1 -1 
-1 -1 -1 -1 -1 -1 -1 -1 -1 -1 -1 -1 -1 -1 -1 -1 -1 -1 -1 -1 -1 -1 -1 -1 
-1 -1 -1 -1 -1 -1 -1 -1 -1 -1 -1 -1 -1 -1 -1 -1 -1 -1 -1 -1 -1 -1 -1 -1 
630 33 423 4 632 178 353 126 641 233 336 200 523 321 400 302 485 537 372 509 467 679 340 684 
633 47 420 10 632 212 348 145 610 311 335 249 523 335 399 311 485 538 371 517 467 679 340 683 
635 70 413 29 624 243 340 180 565 372 335 308 521 346 393 328 484 542 365 525 467 692 339 682 
634 83 403 41 607 249 333 193 529 373 334 326 512 345 383 329 487 549 346 525 468 691 328 684 
629 90 390 44 597 255 322 198 511 379 332 336 506 344 372 327 489 548 335 526 469 690 329 685 
614 91 373 46 575 266 311 211 499 382 322 342 497 343 361 326 486 548 333 527 469 702 329 686 
598 87 358 47 564 263 292 209 489 382 304 342 484 342 346 328 471 548 333 540 469 700 328 694 
583 84 352 44 559 260 277 204 484 381 290 340 474 341 334 327 474 546 313 535 479 699 327 698 
576 84 345 42 559 254 266 204 485 377 277 342 470 341 330 327 480 546 313 535 479 699 322 697 
569 82 331 41 548 253 255 204 482 376 260 338 464 341 326 327 485 538 296 527 478 698 321 697 
556 76 319 41 538 251 242 202 475 375 241 337 453 340 316 327 485 541 290 528 477 701 317 694 
534 66 298 40 524 250 229 205 464 373 214 332 442 340 303 330 489 549 294 542 470 706 314 694 
510 57 279 37 507 246 216 203 458 370 186 333 429 336 291 330 488 549 298 552 469 707 314 693 
489 52 262 37 496 238 204 202 458 368 170 331 420 334 288 330 470 548 301 554 466 707 317 693 
478 48 257 37 491 230 202 201 461 364 165 331 413 336 283 336 430 547 291 553 444 704 312 692 
476 44 254 37 487 217 206 201 461 350 168 330 411 336 278 335 429 546 291 551 448 703 308 692 
472 41 249 37 487 215 210 199 460 346 173 330 413 336 281 336 429 546 291 552 448 705 308 697 
469 38 250 37 490 208 213 197 464 337 172 332 417 333 284 335 433 539 293 552 449 705 308 698 
465 37 247 37 484 203 214 197 486 322 162 331 419 328 286 335 437 537 294 551 449 714 309 698 
453 38 245 45 483 207 214 209 512 311 147 322 419 328 290 341 440 538 296 551 459 713 310 698 
448 38 239 47 482 209 216 220 518 292 138 302 420 330 290 347 440 545 298 552 460 719 315 698 
446 38 234 47 477 210 216 223 514 271 139 275 421 330 291 345 441 544 299 550 455 690 315 697 
446 39 236 48 473 211 214 222 510 260 136 265 422 329 292 345 441 540 300 542 456 688 315 696 
443 38 237 49 475 211 213 223 510 265 132 267 421 328 294 344 442 536 301 539 456 685 315 696 
444 38 238 49 476 212 213 223 510 270 134 266 421 330 294 343 439 536 300 541 456 686 315 698 
445 38 238 49 477 213 213 223 510 274 138 266 421 331 294 343 438 537 301 545 456 687 314 698 
445 38 238 49 477 213 214 222 512 278 140 266 421 331 296 343 438 537 304 543 456 682 317 697 
444 38 238 49 477 213 214 221 511 280 142 269 421 331 297 344 438 537 304 543 456 683 317 697 
443 38 237 49 473 214 214 221 511 294 144 271 417 331 297 344 436 538 305 543 451 684 318 695 
438 37 232 49 466 211 214 221 498 290 150 271 415 331 296 345 436 538 305 546 451 682 324 694 
426 37 222 49 456 209 213 219 482 290 164 271 411 332 292 346 436 538 306 549 450 680 328 693 
423 37 214 49 448 209 208 206 454 291 177 275 401 329 281 343 433 519 297 540 450 671 322 685 
417 37 208 48 441 211 199 206 427 300 193 282 393 329 272 340 431 518 286 534 438 673 314 679 
414 37 201 49 436 220 194 235 389 311 247 282 395 330 274 344 431 520 286 537 440 673 311 680 
408 37 199 49 433 223 177 237 361 318 259 267 392 329 272 343 430 520 286 538 441 674 310 683 
408 36 199 49 423 232 181 236 306 313 287 255 390 327 269 339 429 521 282 545 441 687 311 683 
411 33 199 46 417 239 183 238 265 275 319 234 392 322 267 336 429 509 278 554 442 685 311 688 
412 33 198 46 417 242 197 243 263 267 337 232 393 311 267 331 433 474 280 551 449 678 312 688 
413 33 198 46 419 243 199 241 270 263 335 235 393 302 267 322 445 453 279 538 451 670 312 686 
414 34 200 45 421 249 202 240 271 264 330 237 394 301 268 319 450 448 280 536 454 665 312 681 
415 35 201 44 420 251 202 239 273 261 321 238 395 302 268 321 449 465 280 537 452 667 315 690 
415 36 201 45 422 249 210 246 292 245 317 237 397 312 269 326 447 504 281 553 451 667 314 688 
415 36 201 45 428 248 203 246 304 230 323 221 397 328 269 332 447 540 281 564 447 668 310 690 
415 35 202 43 435 247 198 245 284 207 323 208 399 330 271 334 441 530 285 564 444 668 310 688 
415 34 202 41 440 246 187 244 281 198 341 201 399 334 271 337 438 534 286 556 443 681 310 688 
416 34 203 40 443 245 183 238 283 205 354 203 399 333 269 336 438 529 287 552 443 681 309 688 
416 37 204 41 449 244 184 234 286 210 362 208 402 332 269 336 441 537 289 554 444 687 309 692 
416 37 207 41 457 244 198 233 301 215 379 208 403 329 270 333 446 536 289 555 446 686 308 693 
417 40 210 41 457 244 204 228 307 218 379 214 405 328 271 331 447 533 287 562 446 690 308 694 
417 41 210 41 456 245 205 225 302 220 381 214 406 328 270 330 448 538 284 565 447 691 309 695 
418 41 213 41 455 245 206 225 302 220 382 215 407 331 271 331 447 539 286 564 447 689 310 695 
418 41 213 40 455 245 207 224 303 221 385 215 407 330 271 330 447 541 288 568 447 688 312 695 
418 41 216 39 455 246 207 224 304 222 383 216 408 330 271 330 447 541 287 571 447 688 311 695 
420 45 220 43 455 248 209 225 299 221 385 220 409 337 272 337 448 545 288 573 447 705 312 695 
421 49 221 52 461 251 214 237 305 225 390 231 409 341 272 343 447 546 290 584 446 733 312 740 
427 62 224 65 474 259 226 252 317 243 404 254 415 340 278 349 462 535 291 581 451 706 312 739 
438 81 235 84 489 279 234 270 334 265 414 275 422 350 289 360 475 532 291 581 465 699 312 751 
450 102 238 101 497 302 244 286 337 276 417 289 434 372 296 374 482 521 293 580 472 713 312 731 
456 115 246 115 505 311 248 295 344 286 421 296 438 384 300 386 493 518 293 586 479 735 312 767 
459 125 249 128 508 319 250 301 347 296 427 302 441 386 304 392 497 511 293 583 477 736 308 766 
461 131 254 129 506 323 254 303 350 297 430 308 439 379 306 387 495 443 292 521 476 684 319 755 
465 140 259 136 507 325 256 306 349 302 429 309 439 394 307 396 490 465 278 517 475 688 307 749 
466 145 262 144 505 325 258 308 350 304 427 308 442 400 309 402 488 491 279 575 473 687 309 762 
468 146 268 144 504 322 258 307 348 300 425 305 445 405 310 407 489 511 277 572 479 734 303 766 
469 146 273 145 504 318 258 304 351 299 411 304 447 400 312 402 489 511 262 544 482 731 286 761 
473 148 276 146 505 316 261 303 355 298 409 302 450 397 315 399 494 499 265 536 483 727 290 758 
476 154 280 150 505 317 268 305 358 298 417 300 451 395 315 397 486 490 265 524 467 710 285 749 
478 157 285 157 508 316 273 308 404 297 417 300 451 395 316 397 486 486 265 527 468 724 284 749 
484 164 294 163 510 317 278 309 389 300 419 299 450 401 318 400 478 490 264 530 468 729 284 717 
486 169 302 165 512 317 284 308 387 298 429 298 450 400 320 399 476 465 265 505 464 693 286 709 
490 173 307 171 514 317 288 309 397 298 415 298 451 399 325 396 475 473 265 490 457 694 286 703 
494 179 311 176 516 318 295 314 402 298 409 300 452 398 328 394 471 471 266 490 454 694 281 699 
499 184 318 179 518 317 307 313 401 297 452 300 453 397 331 389 466 474 262 475 455 694 272 693 
500 188 324 178 522 317 308 307 407 296 442 300 455 397 337 387 464 478 263 469 450 694 267 691 
501 191 332 180 523 317 314 302 402 294 460 299 456 396 342 384 441 479 263 467 443 696 268 695 
503 196 333 179 524 317 321 297 403 294 469 298 458 396 343 383 436 483 264 466 440 703 270 696 
504 200 335 184 527 317 321 297 406 294 468 298 459 398 344 384 436 482 264 462 442 701 271 697 
505 201 336 186 528 317 322 297 405 294 469 298 460 399 346 385 448 474 266 462 443 698 271 696 
508 201 343 190 531 318 319 298 404 291 464 298 463 398 353 384 450 480 267 455 442 701 269 690 
507 203 342 189 549 317 304 298 421 277 448 300 464 398 350 384 451 484 268 460 443 701 268 691 
506 207 339 189 568 312 276 296 454 270 397 301 463 398 345 384 454 481 267 463 443 692 268 692 
506 208 337 189 569 309 280 290 522 276 302 302 462 401 345 386 453 469 266 462 444 690 268 693 
506 210 340 195 561 294 284 287 550 303 265 306 460 401 345 389 465 471 266 456 446 691 268 693 
507 212 345 197 570 290 286 281 563 314 250 318 459 403 344 390 483 472 260 460 453 690 267 693 
509 213 346 198 572 291 287 281 562 320 249 320 458 403 344 390 472 473 260 461 456 689 267 693 
509 213 346 199 570 290 288 282 561 321 250 321 458 402 344 390 462 475 262 462 461 688 267 689 
509 214 346 203 567 291 288 283 560 325 248 321 458 402 344 390 462 475 262 462 463 689 268 685 
509 214 346 203 566 289 288 283 562 324 249 323 458 397 345 389 475 476 263 464 476 685 269 686 
507 213 346 204 565 289 286 284 565 325 249 325 460 397 345 391 485 483 270 468 478 685 271 688 
498 213 341 205 558 286 283 284 571 323 251 324 461 398 345 398 502 498 279 487 484 686 281 690 
489 213 334 206 549 283 278 285 574 322 251 324 462 397 346 401 521 496 288 498 506 683 292 689 
481 212 324 206 542 281 275 287 575 321 254 325 463 396 347 402 531 495 304 508 510 682 307 688 
474 210 318 205 540 280 270 287 577 321 256 325 463 395 348 403 536 493 328 502 520 679 329 685 
466 209 311 205 530 280 261 293 575 320 256 325 463 396 350 406 552 491 346 503 531 679 326 695 
461 209 306 205 529 280 255 295 575 317 257 326 462 400 352 410 558 491 360 479 518 689 333 695 
459 209 306 206 528 280 253 297 576 315 259 327 462 401 354 412 562 491 372 490 518 692 334 698 
458 209 304 208 526 280 250 300 575 314 260 328 460 404 354 413 561 488 359 483 515 700 333 698 
459 208 306 209 527 280 248 300 575 312 259 328 460 405 354 414 560 489 350 489 516 702 335 697 
461 208 307 209 528 280 248 300 575 311 258 328 461 405 355 414 558 492 338 521 524 701 333 702 
463 208 308 209 529 280 251 300 575 312 255 328 462 407 355 414 553 498 331 526 521 692 329 707 
465 208 309 209 532 280 253 299 575 314 253 328 463 411 353 414 551 499 314 535 508 690 317 697 
472 208 314 208 539 281 262 291 576 317 250 327 463 421 347 414 520 526 286 530 482 691 315 679 
483 208 326 207 551 283 271 284 575 320 249 326 463 420 345 411 501 522 272 526 458 692 299 682 
497 211 339 207 557 294 282 283 568 323 246 326 461 418 345 403 467 517 271 488 443 694 282 683 
508 213 348 207 564 302 294 283 561 324 245 326 459 418 345 403 400 502 255 485 431 704 270 684 
517 213 362 207 572 310 308 287 555 326 244 325 459 420 348 402 361 492 240 487 410 710 255 687 
524 213 369 207 575 317 317 292 547 328 244 326 459 419 353 402 333 479 217 486 379 703 240 688 
529 213 377 207 576 312 325 295 534 328 245 326 459 419 355 402 324 473 205 484 373 703 229 690 
536 212 384 207 573 310 331 298 524 330 246 326 460 420 358 402 309 475 197 480 357 712 220 694 
541 212 392 207 576 310 340 302 519 331 247 326 457 420 361 403 276 476 190 473 314 710 215 694 
550 211 399 207 579 313 344 303 513 332 250 326 455 420 360 402 271 478 189 466 311 706 213 692 
552 210 403 207 580 314 349 303 510 332 256 325 454 419 362 402 249 457 187 463 265 692 217 688 
549 210 401 207 582 318 347 303 505 333 259 324 453 418 362 402 273 456 188 458 301 680 212 683 
549 210 400 207 581 319 346 302 505 333 259 324 451 418 358 402 284 458 186 459 313 681 207 683 
548 210 399 205 580 318 345 302 506 333 258 323 449 417 354 402 291 480 186 462 307 695 207 678 
546 210 397 205 580 319 343 302 509 333 258 323 448 417 352 402 293 478 187 462 319 697 208 678 
545 210 396 205 580 318 341 301 509 333 257 323 448 417 351 402 298 485 191 463 327 712 209 680 
544 212 395 203 573 320 335 301 523 334 257 322 448 417 347 402 312 486 192 464 368 732 212 684 
541 214 386 202 567 321 325 300 539 334 255 322 444 417 339 400 351 529 205 472 372 738 213 687 
538 214 379 201 567 320 317 298 545 334 252 323 444 417 335 400 379 537 219 480 383 742 225 687 
526 214 362 202 561 313 302 297 554 331 248 323 448 414 333 400 439 527 241 484 438 735 241 690 
517 213 350 203 556 306 288 296 559 330 248 323 453 412 333 402 468 520 257 491 456 734 252 694 
505 213 338 203 551 304 282 295 565 329 248 323 455 407 335 403 487 518 268 514 465 708 270 699 
489 210 330 203 544 292 277 295 570 325 248 323 457 403 335 404 511 507 286 506 487 688 291 690 
484 208 326 203 543 287 275 295 574 324 248 324 459 396 337 402 513 500 312 489 485 685 316 686 
485 208 328 204 545 285 272 294 575 324 248 324 462 396 342 400 509 499 311 485 490 688 329 683 
485 208 328 204 546 283 271 292 575 323 248 324 463 396 347 400 526 483 315 479 490 680 325 674 
484 208 328 206 547 282 271 291 577 322 249 325 463 395 348 399 520 482 304 474 489 680 316 672 
485 208 327 207 546 282 270 291 576 322 249 326 464 396 349 399 512 484 296 463 483 684 312 671 
486 208 328 208 547 283 270 292 575 321 249 326 464 397 349 399 507 484 298 466 484 684 309 670 
487 209 328 209 547 283 271 292 575 321 249 326 465 397 350 398 519 481 297 467 485 683 308 671 
487 209 328 209 547 283 270 292 574 321 250 326 465 397 350 397 510 479 295 459 486 683 307 669 
487 209 328 209 547 282 271 292 574 321 250 326 465 396 350 396 506 479 299 442 484 683 312 669 
487 208 328 209 547 282 271 291 573 321 250 325 465 398 350 398 514 481 300 461 484 682 314 671 
487 207 326 208 546 281 271 290 573 319 250 324 465 399 350 398 514 481 299 462 485 682 313 671 
487 205 326 204 546 281 271 290 573 318 250 325 466 402 350 400 519 489 299 446 485 684 309 672 
488 200 325 200 545 281 271 289 571 318 250 325 467 403 350 400 516 484 299 430 485 686 308 672 
489 192 322 195 544 280 271 288 569 318 251 327 467 402 349 400 514 484 298 438 484 686 308 671 
492 187 320 189 549 276 260 261 569 317 251 321 470 402 347 400 512 482 298 448 484 687 307 671 
492 180 317 185 563 257 240 239 569 306 249 317 471 403 347 400 506 482 298 446 483 691 305 673 
492 176 316 180 574 222 228 218 566 299 248 312 472 403 346 401 515 492 293 467 485 690 306 674 
493 175 312 177 585 213 216 214 567 300 246 313 471 403 342 401 507 489 295 459 485 689 306 674 
493 176 312 178 593 202 204 207 568 301 244 313 471 404 340 401 504 489 295 452 485 687 306 672 
493 176 312 177 595 200 203 207 569 301 243 313 471 403 339 401 502 493 295 456 484 688 303 678 
493 177 312 177 596 199 204 204 571 301 243 312 471 403 337 401 502 490 282 459 485 687 302 678 
494 177 312 177 594 201 208 206 571 302 243 311 471 404 337 402 503 487 284 452 485 687 301 677 
495 177 312 177 592 203 210 206 571 302 243 311 471 404 337 402 503 486 280 459 484 687 301 676 
495 178 311 178 591 201 209 206 571 302 243 311 471 404 337 402 501 484 278 462 484 687 301 676 
495 178 311 177 591 200 208 206 571 302 243 310 468 404 335 402 500 484 277 466 483 687 301 675 
495 177 310 177 590 198 206 203 573 301 243 310 469 404 335 402 500 484 276 466 483 687 301 673 
495 172 310 174 586 199 207 203 573 301 243 311 471 397 337 398 503 484 284 455 483 687 303 673 
495 167 309 172 580 198 208 200 571 301 243 311 470 396 337 396 500 489 291 458 477 679 315 672 
495 155 309 167 573 198 208 200 569 302 243 312 470 392 337 393 493 495 303 471 474 680 330 674 
494 129 308 136 570 191 212 200 569 302 244 312 467 371 336 372 485 505 301 470 473 678 326 673 
494 108 304 109 567 188 217 198 569 301 243 310 462 364 334 366 474 533 326 537 471 678 326 679 
495 82 302 89 563 186 225 193 568 300 242 309 461 352 333 355 464 545 329 548 463 680 337 707 
495 62 299 69 552 179 233 186 566 297 242 307 460 330 330 335 461 535 328 539 464 678 340 702 
496 43 297 44 543 176 245 174 565 297 242 304 458 314 329 322 456 528 337 524 451 676 340 698 
496 33 286 29 536 176 247 169 565 294 242 302 454 310 329 314 454 526 340 518 452 668 338 693 
490 22 277 27 529 171 246 174 560 294 241 303 452 307 325 313 457 525 338 521 451 667 340 688 
484 26 275 40 525 167 246 183 559 296 241 298 446 316 325 313 455 524 334 523 451 668 339 691 
480 18 272 34 519 163 244 182 557 297 238 303 442 310 322 307 452 522 332 521 452 669 340 694 
474 19 268 26 513 162 244 174 550 298 233 303 438 308 320 304 448 522 333 528 453 673 355 694 
470 21 257 28 500 159 236 168 535 300 225 306 428 309 315 308 440 524 332 525 446 678 356 691 
458 11 252 15 487 156 227 161 520 302 210 308 422 306 312 303 440 525 316 524 446 678 339 691 
451 11 257 15 478 156 227 160 501 303 199 314 414 301 308 300 433 524 315 521 437 684 338 683 
452 19 260 20 487 163 224 158 499 312 198 309 416 305 306 304 431 529 318 524 429 702 338 695 
453 22 254 20 488 164 219 155 495 311 198 301 416 302 303 301 430 529 314 523 433 689 337 685 
455 18 254 19 484 163 220 151 498 311 200 296 415 300 302 297 426 522 309 515 435 683 335 678 
461 18 254 14 487 154 220 143 503 310 201 296 415 300 302 295 423 522 310 512 431 681 333 674 
463 14 256 12 489 152 220 146 504 311 197 305 414 298 301 294 424 522 307 510 433 680 330 674 
448 8 260 6 481 149 220 146 482 305 195 306 403 289 298 286 415 511 308 500 426 675 330 668 
450 11 257 6 484 147 215 146 514 304 169 305 405 290 297 287 416 513 308 502 428 675 326 666 
452 14 253 9 502 146 183 146 581 288 103 281 408 292 296 290 418 513 305 506 428 676 323 668 
462 9 253 3 535 122 140 113 644 245 45 207 408 293 297 291 420 502 303 503 428 674 320 665 
463 -4 247 2 555 85 107 70 672 166 20 116 410 286 297 287 420 498 302 500 429 670 319 665 
466 -10 243 4 594 58 108 48 694 102 78 34 410 290 299 289 422 512 302 503 429 670 319 666 
454 -18 234 7 568 68 204 108 653 50 238 142 411 297 296 303 430 517 302 518 431 671 320 667 
459 8 235 22 558 84 211 157 581 38 219 114 422 301 303 311 434 522 310 527 438 672 321 674 
461 26 254 30 552 121 222 162 552 72 208 92 430 319 310 318 435 528 312 533 437 675 322 678 
465 26 252 31 505 145 224 158 499 160 214 103 429 309 308 303 435 515 314 520 438 661 322 676 
472 25 259 31 531 121 229 155 524 2 222 99 432 313 309 304 435 529 314 534 438 674 322 685 
482 25 256 30 524 140 227 152 528 123 211 76 431 304 309 294 436 527 314 533 439 674 321 682 
485 18 251 28 525 138 227 151 530 107 215 93 431 304 307 291 437 527 314 530 439 673 321 680 
484 17 249 28 524 138 229 157 518 103 234 104 431 306 306 294 437 527 314 529 439 675 318 679 
478 -10 245 23 542 108 229 156 525 55 249 108 427 306 306 295 438 527 313 529 438 674 318 678 
478 -45 226 4 563 77 88 61 655 136 112 70 421 298 294 294 434 515 307 515 437 670 315 670 
-1 -1 -1 -1 -1 -1 -1 -1 -1 -1 -1 -1 -1 -1 -1 -1 -1 -1 -1 -1 -1 -1 -1 -1 
143 92 137 54 138 113 120 66 141 99 123 84 90 75 90 49 56 88 52 46 10 76 10 55 
-1 -1 -1 -1 -1 -1 -1 -1 -1 -1 -1 -1 -1 -1 -1 -1 -1 -1 -1 -1 -1 -1 -1 -1 
-1 -1 -1 -1 -1 -1 -1 -1 -1 -1 -1 -1 -1 -1 -1 -1 -1 -1 -1 -1 -1 -1 -1 -1 
-1 -1 -1 -1 -1 -1 -1 -1 -1 -1 -1 -1 -1 -1 -1 -1 -1 -1 -1 -1 -1 -1 -1 -1 
-1 -1 -1 -1 -1 -1 -1 -1 -1 -1 -1 -1 -1 -1 -1 -1 -1 -1 -1 -1 -1 -1 -1 -1 
-1 -1 -1 -1 -1 -1 -1 -1 -1 -1 -1 -1 -1 -1 -1 -1 -1 -1 -1 -1 -1 -1 -1 -1 
-1 -1 -1 -1 -1 -1 -1 -1 -1 -1 -1 -1 -1 -1 -1 -1 -1 -1 -1 -1 -1 -1 -1 -1 
-1 -1 -1 -1 -1 -1 -1 -1 -1 -1 -1 -1 -1 -1 -1 -1 -1 -1 -1 -1 -1 -1 -1 -1 
-1 -1 -1 -1 -1 -1 -1 -1 -1 -1 -1 -1 -1 -1 -1 -1 -1 -1 -1 -1 -1 -1 -1 -1 
-1 -1 -1 -1 -1 -1 -1 -1 -1 -1 -1 -1 -1 -1 -1 -1 -1 -1 -1 -1 -1 -1 -1 -1 
-1 -1 -1 -1 -1 -1 -1 -1 -1 -1 -1 -1 -1 -1 -1 -1 -1 -1 -1 -1 -1 -1 -1 -1 
-1 -1 -1 -1 -1 -1 -1 -1 -1 -1 -1 -1 -1 -1 -1 -1 -1 -1 -1 -1 -1 -1 -1 -1 
-1 -1 -1 -1 -1 -1 -1 -1 -1 -1 -1 -1 -1 -1 -1 -1 -1 -1 -1 -1 -1 -1 -1 -1 
307 88 299 81 352 193 381 157 370 300 432 257 147 -143 146 -129 142 -123 120 -119 85 -116 53 -122 
298 429 482 299 109 366 492 151 94 286 487 346 135 104 245 28 74 -33 216 -171 -13 -148 69 -275 
235 479 539 385 55 331 583 188 -61 189 606 264 135 185 297 145 111 27 344 43 93 -27 245 12 
240 477 515 368 91 336 562 191 57 207 626 255 171 195 307 135 116 139 282 66 124 71 200 18 
413 421 661 343 205 308 661 181 136 215 685 218 306 99 411 48 221 58 304 -96 150 -123 189 -216 
580 504 694 447 429 358 614 237 389 360 613 157 432 132 492 97 424 10 429 -86 356 -177 376 -214 
634 543 684 487 540 361 669 240 459 294 694 61 510 176 566 131 471 -39 516 -114 423 -249 447 -295 
585 492 743 440 479 375 686 353 411 368 693 512 489 135 588 91 442 -87 524 -147 374 -294 438 -353 
715 465 780 401 627 461 669 389 633 589 682 588 618 109 663 71 587 -79 605 -132 516 -215 526 -277 
