-1 -1 -1 -1 -1 -1 -1 -1 -1 -1 -1 -1 -1 -1 -1 -1 -1 -1 -1 -1 -1 -1 -1 -1 
-1 -1 -1 -1 -1 -1 -1 -1 -1 -1 -1 -1 -1 -1 -1 -1 -1 -1 -1 -1 -1 -1 -1 -1 
-1 -1 -1 -1 -1 -1 -1 -1 -1 -1 -1 -1 -1 -1 -1 -1 -1 -1 -1 -1 -1 -1 -1 -1 
-1 -1 -1 -1 -1 -1 -1 -1 -1 -1 -1 -1 -1 -1 -1 -1 -1 -1 -1 -1 -1 -1 -1 -1 
-1 -1 -1 -1 -1 -1 -1 -1 -1 -1 -1 -1 -1 -1 -1 -1 -1 -1 -1 -1 -1 -1 -1 -1 
-1 -1 -1 -1 -1 -1 -1 -1 -1 -1 -1 -1 -1 -1 -1 -1 -1 -1 -1 -1 -1 -1 -1 -1 
-1 -1 -1 -1 -1 -1 -1 -1 -1 -1 -1 -1 -1 -1 -1 -1 -1 -1 -1 -1 -1 -1 -1 -1 
-1 -1 -1 -1 -1 -1 -1 -1 -1 -1 -1 -1 -1 -1 -1 -1 -1 -1 -1 -1 -1 -1 -1 -1 
526 56 320 81 572 224 294 256 590 405 295 441 477 229 373 238 501 320 346 354 487 425 378 473 
528 56 322 69 575 230 294 253 591 406 295 441 477 287 371 286 516 443 338 362 491 599 362 539 
530 56 324 61 576 231 299 247 591 406 297 433 481 312 372 314 514 510 348 500 491 669 365 644 
531 56 325 58 576 229 299 245 592 405 298 433 482 320 371 323 514 529 370 537 491 689 374 688 
531 56 327 58 575 228 299 246 593 403 299 431 485 317 374 320 510 540 379 541 490 693 380 689 
531 56 329 55 574 228 299 246 593 402 299 428 485 321 374 324 504 552 373 545 490 715 373 702 
531 56 331 52 573 228 299 240 592 402 300 428 486 336 373 329 502 561 370 554 490 734 373 717 
531 55 332 53 572 230 299 241 592 403 300 427 489 340 374 340 504 569 369 563 494 735 372 722 
531 54 332 52 573 231 299 244 592 404 300 427 489 337 374 340 504 577 366 570 498 744 357 731 
531 54 332 51 573 230 299 243 592 403 300 428 493 342 374 343 507 577 370 573 499 743 362 735 
531 53 332 50 573 230 298 243 592 403 300 428 494 338 374 345 509 577 370 578 504 750 363 749 
533 53 332 49 574 231 298 242 593 403 301 428 496 342 374 349 509 593 375 588 505 767 377 760 
533 52 332 50 576 230 298 242 594 404 301 429 500 353 377 361 513 605 377 597 511 776 376 772 
533 51 332 49 576 231 300 242 594 404 301 430 501 357 378 366 514 616 382 604 518 788 380 785 
533 51 332 49 576 232 300 242 595 404 302 430 502 361 377 368 514 619 380 605 519 786 380 784 
533 51 332 49 575 233 299 243 598 404 298 436 502 369 377 375 514 628 380 619 523 807 380 800 
533 53 332 49 575 235 299 238 620 392 277 421 502 372 375 376 514 631 378 618 521 812 372 806 
533 53 333 48 574 230 299 218 665 322 246 336 502 372 373 372 510 617 371 607 520 788 368 786 
534 53 333 50 576 232 297 218 684 294 264 305 504 373 376 372 509 608 369 608 521 785 361 785 
534 53 334 51 577 232 296 219 664 287 309 300 507 379 379 382 510 611 369 612 522 779 362 786 
536 53 335 52 572 232 301 230 661 286 334 295 508 380 381 381 511 607 372 614 526 775 363 791 
536 54 335 54 574 240 302 233 677 257 325 258 509 387 382 389 513 617 374 624 529 787 363 806 
537 54 336 54 574 241 302 235 682 257 321 263 509 388 382 387 514 620 369 633 535 796 358 818 
539 54 339 54 576 241 301 241 692 257 287 265 510 394 382 389 515 629 373 636 537 805 359 825 
542 54 339 54 576 241 302 237 696 256 288 265 512 395 382 391 516 632 373 636 540 809 359 824 
543 54 339 54 577 241 307 236 686 250 294 255 513 392 381 389 518 631 373 632 544 802 359 818 
543 55 342 54 582 243 313 239 681 247 342 270 518 395 389 393 520 628 388 629 542 789 374 817 
545 55 343 51 582 242 312 244 679 254 331 273 517 396 388 395 521 637 387 643 543 824 367 836 
546 55 344 51 583 241 312 237 683 259 322 276 517 396 389 394 521 633 387 639 544 815 368 829 
547 54 347 49 584 240 311 227 686 259 314 265 515 395 388 394 521 629 382 639 543 810 368 825 
549 57 348 54 582 243 310 239 662 296 330 298 505 407 381 405 520 644 379 650 538 823 368 838 
554 69 354 63 579 247 307 246 647 327 331 340 497 409 373 408 518 640 379 647 533 821 375 833 
559 89 354 83 576 271 305 263 643 350 331 373 492 424 367 426 510 641 375 654 526 820 383 837 
563 128 353 130 570 314 299 308 645 379 331 398 493 458 368 464 509 659 379 658 518 845 402 856 
566 149 352 146 569 340 294 332 651 387 326 390 493 477 366 478 509 678 379 683 514 903 396 925 
567 159 349 159 568 347 292 357 656 383 319 385 494 481 365 482 509 682 379 687 508 883 393 913 
567 171 347 167 568 355 294 355 676 374 290 380 495 491 365 488 521 692 382 697 520 906 397 930 
566 173 344 176 568 359 307 380 683 370 281 385 495 493 364 493 537 698 382 698 529 945 396 955 
566 185 343 186 569 370 311 400 687 368 279 394 499 501 365 503 548 702 382 705 534 951 396 960 
565 198 343 200 569 386 319 418 685 375 282 404 506 512 367 515 553 709 382 762 541 965 394 973 
563 224 338 226 571 417 317 446 684 382 282 412 508 535 366 535 563 725 381 742 554 985 378 1002 
556 245 333 241 569 433 306 450 682 380 265 403 507 545 357 547 568 729 371 792 557 990 363 1012 
550 246 330 245 568 432 300 449 681 379 255 385 507 551 356 556 566 782 372 811 559 1004 366 1028 
542 249 318 246 568 432 291 451 654 371 262 380 507 557 356 564 564 793 372 814 562 1011 368 1028 
534 255 307 250 567 437 278 460 618 370 293 378 503 552 353 557 560 772 372 804 564 989 368 1016 
533 261 307 258 561 443 275 464 610 368 301 377 503 552 353 555 566 745 374 758 565 980 369 1009 
529 263 310 271 552 443 278 469 619 364 281 380 503 555 353 565 559 784 377 757 570 1008 374 1024 
528 266 311 270 552 442 283 469 610 364 281 382 503 551 353 558 572 734 368 771 586 1005 374 1008 
527 267 307 265 553 445 283 467 586 367 301 382 499 549 350 555 575 749 375 745 583 992 378 1005 
525 268 306 264 553 443 276 466 596 363 306 375 499 547 350 553 576 725 361 746 582 987 380 977 
524 267 306 267 553 445 278 466 603 358 286 367 499 547 349 552 573 715 367 724 583 984 378 983 
523 267 307 270 554 444 280 466 621 348 270 368 499 549 349 553 555 757 367 728 577 985 369 999 
521 269 307 270 554 445 283 468 620 349 272 368 498 548 349 553 564 723 370 730 582 978 369 998 
520 269 307 267 557 444 280 467 609 350 293 367 497 548 349 552 566 708 362 752 581 970 368 977 
520 270 307 268 557 449 280 466 631 355 277 377 497 549 348 555 566 701 354 756 581 966 365 978 
521 270 307 270 555 448 283 467 645 365 268 394 497 552 348 562 568 705 356 791 581 966 362 993 
521 269 307 270 554 447 293 469 646 375 269 404 497 552 348 560 567 701 356 789 580 960 361 993 
521 269 308 269 554 447 294 468 644 379 270 405 497 553 348 560 569 741 354 784 581 960 359 993 
522 269 308 269 554 447 286 464 652 404 259 412 500 553 348 560 565 710 346 759 571 960 348 987 
521 269 308 271 554 445 292 464 671 407 244 418 499 554 347 564 555 756 348 795 568 965 350 1005 
521 269 308 271 554 443 298 464 673 409 247 421 499 554 348 563 552 760 366 797 564 966 355 1009 
521 270 308 272 554 443 295 464 668 421 250 432 499 556 348 564 558 754 363 792 566 964 355 1005 
521 270 308 272 554 443 299 464 671 427 251 435 498 557 348 564 552 760 364 803 562 964 356 1010 
521 270 309 274 553 442 304 464 670 431 251 443 499 556 349 563 555 715 365 800 565 955 362 1003 
521 271 309 274 551 442 303 465 664 448 253 455 499 556 349 559 570 719 347 737 559 955 359 971 
521 271 309 275 551 442 303 466 646 459 274 466 497 556 348 559 569 709 348 754 559 954 357 976 
521 272 312 275 550 442 299 447 624 481 283 484 501 557 366 561 569 743 380 781 560 955 394 976 
521 272 314 275 550 434 292 441 612 503 298 531 501 554 370 560 571 729 386 784 561 955 405 976 
521 271 316 275 552 432 290 443 599 523 323 572 502 555 372 562 563 765 396 794 561 960 407 984 
522 271 317 275 555 432 290 445 582 543 338 581 503 556 373 564 582 734 393 796 560 948 405 983 
523 270 318 274 557 429 290 446 577 547 340 583 502 550 371 560 585 718 392 789 559 945 401 967 
535 269 325 274 568 429 286 446 575 555 340 585 504 559 374 567 571 762 391 805 548 953 399 987 
544 267 332 273 581 422 278 445 571 551 341 587 505 562 373 568 544 784 391 813 538 962 401 989 
554 263 337 272 613 411 260 436 577 537 335 579 508 562 373 568 552 742 383 812 540 956 387 988 
568 262 351 270 675 391 196 385 580 534 284 534 511 565 376 569 552 777 381 811 542 964 387 1010 
574 265 356 270 686 391 183 375 583 529 260 520 511 562 375 563 544 778 379 808 532 965 394 1007 
577 272 356 281 679 397 191 390 583 528 263 521 511 562 374 563 537 777 389 808 518 968 394 1011 
577 272 353 284 678 399 196 398 583 527 267 522 514 561 374 564 533 775 388 809 508 968 387 1012 
575 267 351 282 673 395 196 401 584 526 268 523 515 559 375 564 533 784 395 812 515 971 393 1012 
572 253 343 264 668 382 198 395 579 514 269 517 515 550 375 560 529 784 395 811 515 970 393 1010 
562 203 321 208 667 342 188 361 576 465 266 492 504 514 364 528 531 747 395 770 518 917 395 958 
548 178 309 181 645 317 184 339 560 452 261 472 487 499 349 510 519 725 389 749 516 906 395 942 
535 152 301 156 621 298 173 315 550 437 250 454 479 475 341 487 517 703 380 697 517 885 394 911 
514 127 285 133 583 274 170 307 545 428 244 455 471 441 333 448 513 666 371 675 512 784 396 862 
501 121 278 131 552 274 175 320 551 428 249 468 456 456 321 470 509 664 367 696 512 835 396 868 
493 125 276 138 532 285 197 331 566 420 304 484 450 463 325 481 503 671 360 677 512 857 369 873 
495 127 280 136 546 293 242 332 618 404 391 480 451 469 329 487 503 672 360 698 502 869 366 883 
503 126 284 134 561 287 251 338 664 388 403 471 456 468 332 483 504 656 360 679 504 818 369 844 
515 118 295 133 593 277 257 342 693 364 396 474 478 465 344 476 520 668 373 687 537 839 399 868 
577 111 343 126 666 262 261 330 735 314 372 495 532 461 387 473 569 673 382 694 585 869 399 883 
620 105 378 115 698 259 272 305 755 290 303 501 565 454 426 462 593 677 400 698 604 882 421 887 
654 99 409 107 705 267 283 291 738 421 237 502 591 453 448 460 598 679 422 691 583 874 441 875 
719 108 463 104 748 309 320 285 707 431 198 467 643 467 504 463 635 717 473 687 613 908 481 920 
758 113 492 100 741 320 343 278 695 436 197 457 645 473 514 467 650 713 478 681 618 883 478 901 
789 113 510 102 805 337 354 280 697 433 217 461 680 480 538 469 673 711 509 686 657 844 516 857 
-1 -1 -1 -1 -1 -1 -1 -1 -1 -1 -1 -1 -1 -1 -1 -1 -1 -1 -1 -1 -1 -1 -1 -1 
-1 -1 -1 -1 -1 -1 -1 -1 -1 -1 -1 -1 -1 -1 -1 -1 -1 -1 -1 -1 -1 -1 -1 -1 
-1 -1 -1 -1 -1 -1 -1 -1 -1 -1 -1 -1 -1 -1 -1 -1 -1 -1 -1 -1 -1 -1 -1 -1 
-1 -1 -1 -1 -1 -1 -1 -1 -1 -1 -1 -1 -1 -1 -1 -1 -1 -1 -1 -1 -1 -1 -1 -1 
-1 -1 -1 -1 -1 -1 -1 -1 -1 -1 -1 -1 -1 -1 -1 -1 -1 -1 -1 -1 -1 -1 -1 -1 
-1 -1 -1 -1 -1 -1 -1 -1 -1 -1 -1 -1 -1 -1 -1 -1 -1 -1 -1 -1 -1 -1 -1 -1 
-1 -1 -1 -1 -1 -1 -1 -1 -1 -1 -1 -1 -1 -1 -1 -1 -1 -1 -1 -1 -1 -1 -1 -1 
-1 -1 -1 -1 -1 -1 -1 -1 -1 -1 -1 -1 -1 -1 -1 -1 -1 -1 -1 -1 -1 -1 -1 -1 
-1 -1 -1 -1 -1 -1 -1 -1 -1 -1 -1 -1 -1 -1 -1 -1 -1 -1 -1 -1 -1 -1 -1 -1 
-1 -1 -1 -1 -1 -1 -1 -1 -1 -1 -1 -1 -1 -1 -1 -1 -1 -1 -1 -1 -1 -1 -1 -1 
-1 -1 -1 -1 -1 -1 -1 -1 -1 -1 -1 -1 -1 -1 -1 -1 -1 -1 -1 -1 -1 -1 -1 -1 
-1 -1 -1 -1 -1 -1 -1 -1 -1 -1 -1 -1 -1 -1 -1 -1 -1 -1 -1 -1 -1 -1 -1 -1 
-1 -1 -1 -1 -1 -1 -1 -1 -1 -1 -1 -1 -1 -1 -1 -1 -1 -1 -1 -1 -1 -1 -1 -1 
-1 -1 -1 -1 -1 -1 -1 -1 -1 -1 -1 -1 -1 -1 -1 -1 -1 -1 -1 -1 -1 -1 -1 -1 
-1 -1 -1 -1 -1 -1 -1 -1 -1 -1 -1 -1 -1 -1 -1 -1 -1 -1 -1 -1 -1 -1 -1 -1 
-1 -1 -1 -1 -1 -1 -1 -1 -1 -1 -1 -1 -1 -1 -1 -1 -1 -1 -1 -1 -1 -1 -1 -1 
-1 -1 -1 -1 -1 -1 -1 -1 -1 -1 -1 -1 -1 -1 -1 -1 -1 -1 -1 -1 -1 -1 -1 -1 
-1 -1 -1 -1 -1 -1 -1 -1 -1 -1 -1 -1 -1 -1 -1 -1 -1 -1 -1 -1 -1 -1 -1 -1 
-1 -1 -1 -1 -1 -1 -1 -1 -1 -1 -1 -1 -1 -1 -1 -1 -1 -1 -1 -1 -1 -1 -1 -1 
-1 -1 -1 -1 -1 -1 -1 -1 -1 -1 -1 -1 -1 -1 -1 -1 -1 -1 -1 -1 -1 -1 -1 -1 
-1 -1 -1 -1 -1 -1 -1 -1 -1 -1 -1 -1 -1 -1 -1 -1 -1 -1 -1 -1 -1 -1 -1 -1 
-1 -1 -1 -1 -1 -1 -1 -1 -1 -1 -1 -1 -1 -1 -1 -1 -1 -1 -1 -1 -1 -1 -1 -1 
-1 -1 -1 -1 -1 -1 -1 -1 -1 -1 -1 -1 -1 -1 -1 -1 -1 -1 -1 -1 -1 -1 -1 -1 
-1 -1 -1 -1 -1 -1 -1 -1 -1 -1 -1 -1 -1 -1 -1 -1 -1 -1 -1 -1 -1 -1 -1 -1 
-1 -1 -1 -1 -1 -1 -1 -1 -1 -1 -1 -1 -1 -1 -1 -1 -1 -1 -1 -1 -1 -1 -1 -1 
-1 -1 -1 -1 -1 -1 -1 -1 -1 -1 -1 -1 -1 -1 -1 -1 -1 -1 -1 -1 -1 -1 -1 -1 
-1 -1 -1 -1 -1 -1 -1 -1 -1 -1 -1 -1 -1 -1 -1 -1 -1 -1 -1 -1 -1 -1 -1 -1 
-1 -1 -1 -1 -1 -1 -1 -1 -1 -1 -1 -1 -1 -1 -1 -1 -1 -1 -1 -1 -1 -1 -1 -1 
-1 -1 -1 -1 -1 -1 -1 -1 -1 -1 -1 -1 -1 -1 -1 -1 -1 -1 -1 -1 -1 -1 -1 -1 
-1 -1 -1 -1 -1 -1 -1 -1 -1 -1 -1 -1 -1 -1 -1 -1 -1 -1 -1 -1 -1 -1 -1 -1 
-1 -1 -1 -1 -1 -1 -1 -1 -1 -1 -1 -1 -1 -1 -1 -1 -1 -1 -1 -1 -1 -1 -1 -1 
-1 -1 -1 -1 -1 -1 -1 -1 -1 -1 -1 -1 -1 -1 -1 -1 -1 -1 -1 -1 -1 -1 -1 -1 
-1 -1 -1 -1 -1 -1 -1 -1 -1 -1 -1 -1 -1 -1 -1 -1 -1 -1 -1 -1 -1 -1 -1 -1 
-1 -1 -1 -1 -1 -1 -1 -1 -1 -1 -1 -1 -1 -1 -1 -1 -1 -1 -1 -1 -1 -1 -1 -1 
-1 -1 -1 -1 -1 -1 -1 -1 -1 -1 -1 -1 -1 -1 -1 -1 -1 -1 -1 -1 -1 -1 -1 -1 
-1 -1 -1 -1 -1 -1 -1 -1 -1 -1 -1 -1 -1 -1 -1 -1 -1 -1 -1 -1 -1 -1 -1 -1 
-1 -1 -1 -1 -1 -1 -1 -1 -1 -1 -1 -1 -1 -1 -1 -1 -1 -1 -1 -1 -1 -1 -1 -1 
-1 -1 -1 -1 -1 -1 -1 -1 -1 -1 -1 -1 -1 -1 -1 -1 -1 -1 -1 -1 -1 -1 -1 -1 
-1 -1 -1 -1 -1 -1 -1 -1 -1 -1 -1 -1 -1 -1 -1 -1 -1 -1 -1 -1 -1 -1 -1 -1 
-1 -1 -1 -1 -1 -1 -1 -1 -1 -1 -1 -1 -1 -1 -1 -1 -1 -1 -1 -1 -1 -1 -1 -1 
-1 -1 -1 -1 -1 -1 -1 -1 -1 -1 -1 -1 -1 -1 -1 -1 -1 -1 -1 -1 -1 -1 -1 -1 
-1 -1 -1 -1 -1 -1 -1 -1 -1 -1 -1 -1 -1 -1 -1 -1 -1 -1 -1 -1 -1 -1 -1 -1 
-1 -1 -1 -1 -1 -1 -1 -1 -1 -1 -1 -1 -1 -1 -1 -1 -1 -1 -1 -1 -1 -1 -1 -1 
-1 -1 -1 -1 -1 -1 -1 -1 -1 -1 -1 -1 -1 -1 -1 -1 -1 -1 -1 -1 -1 -1 -1 -1 
-1 -1 -1 -1 -1 -1 -1 -1 -1 -1 -1 -1 -1 -1 -1 -1 -1 -1 -1 -1 -1 -1 -1 -1 
-1 -1 -1 -1 -1 -1 -1 -1 -1 -1 -1 -1 -1 -1 -1 -1 -1 -1 -1 -1 -1 -1 -1 -1 
-1 -1 -1 -1 -1 -1 -1 -1 -1 -1 -1 -1 -1 -1 -1 -1 -1 -1 -1 -1 -1 -1 -1 -1 
-1 -1 -1 -1 -1 -1 -1 -1 -1 -1 -1 -1 -1 -1 -1 -1 -1 -1 -1 -1 -1 -1 -1 -1 
-1 -1 -1 -1 -1 -1 -1 -1 -1 -1 -1 -1 -1 -1 -1 -1 -1 -1 -1 -1 -1 -1 -1 -1 
-1 -1 -1 -1 -1 -1 -1 -1 -1 -1 -1 -1 -1 -1 -1 -1 -1 -1 -1 -1 -1 -1 -1 -1 
-1 -1 -1 -1 -1 -1 -1 -1 -1 -1 -1 -1 -1 -1 -1 -1 -1 -1 -1 -1 -1 -1 -1 -1 
-1 -1 -1 -1 -1 -1 -1 -1 -1 -1 -1 -1 -1 -1 -1 -1 -1 -1 -1 -1 -1 -1 -1 -1 
-1 -1 -1 -1 -1 -1 -1 -1 -1 -1 -1 -1 -1 -1 -1 -1 -1 -1 -1 -1 -1 -1 -1 -1 
-1 -1 -1 -1 -1 -1 -1 -1 -1 -1 -1 -1 -1 -1 -1 -1 -1 -1 -1 -1 -1 -1 -1 -1 
-1 -1 -1 -1 -1 -1 -1 -1 -1 -1 -1 -1 -1 -1 -1 -1 -1 -1 -1 -1 -1 -1 -1 -1 
-1 -1 -1 -1 -1 -1 -1 -1 -1 -1 -1 -1 -1 -1 -1 -1 -1 -1 -1 -1 -1 -1 -1 -1 
-1 -1 -1 -1 -1 -1 -1 -1 -1 -1 -1 -1 -1 -1 -1 -1 -1 -1 -1 -1 -1 -1 -1 -1 
-1 -1 -1 -1 -1 -1 -1 -1 -1 -1 -1 -1 -1 -1 -1 -1 -1 -1 -1 -1 -1 -1 -1 -1 
-1 -1 -1 -1 -1 -1 -1 -1 -1 -1 -1 -1 -1 -1 -1 -1 -1 -1 -1 -1 -1 -1 -1 -1 
-1 -1 -1 -1 -1 -1 -1 -1 -1 -1 -1 -1 -1 -1 -1 -1 -1 -1 -1 -1 -1 -1 -1 -1 
-1 -1 -1 -1 -1 -1 -1 -1 -1 -1 -1 -1 -1 -1 -1 -1 -1 -1 -1 -1 -1 -1 -1 -1 
-1 -1 -1 -1 -1 -1 -1 -1 -1 -1 -1 -1 -1 -1 -1 -1 -1 -1 -1 -1 -1 -1 -1 -1 
-1 -1 -1 -1 -1 -1 -1 -1 -1 -1 -1 -1 -1 -1 -1 -1 -1 -1 -1 -1 -1 -1 -1 -1 
-1 -1 -1 -1 -1 -1 -1 -1 -1 -1 -1 -1 -1 -1 -1 -1 -1 -1 -1 -1 -1 -1 -1 -1 
-1 -1 -1 -1 -1 -1 -1 -1 -1 -1 -1 -1 -1 -1 -1 -1 -1 -1 -1 -1 -1 -1 -1 -1 
-1 -1 -1 -1 -1 -1 -1 -1 -1 -1 -1 -1 -1 -1 -1 -1 -1 -1 -1 -1 -1 -1 -1 -1 
-1 -1 -1 -1 -1 -1 -1 -1 -1 -1 -1 -1 -1 -1 -1 -1 -1 -1 -1 -1 -1 -1 -1 -1 
-1 -1 -1 -1 -1 -1 -1 -1 -1 -1 -1 -1 -1 -1 -1 -1 -1 -1 -1 -1 -1 -1 -1 -1 
-1 -1 -1 -1 -1 -1 -1 -1 -1 -1 -1 -1 -1 -1 -1 -1 -1 -1 -1 -1 -1 -1 -1 -1 
-1 -1 -1 -1 -1 -1 -1 -1 -1 -1 -1 -1 -1 -1 -1 -1 -1 -1 -1 -1 -1 -1 -1 -1 
-1 -1 -1 -1 -1 -1 -1 -1 -1 -1 -1 -1 -1 -1 -1 -1 -1 -1 -1 -1 -1 -1 -1 -1 
-1 -1 -1 -1 -1 -1 -1 -1 -1 -1 -1 -1 -1 -1 -1 -1 -1 -1 -1 -1 -1 -1 -1 -1 
-1 -1 -1 -1 -1 -1 -1 -1 -1 -1 -1 -1 -1 -1 -1 -1 -1 -1 -1 -1 -1 -1 -1 -1 
-1 -1 -1 -1 -1 -1 -1 -1 -1 -1 -1 -1 -1 -1 -1 -1 -1 -1 -1 -1 -1 -1 -1 -1 
-1 -1 -1 -1 -1 -1 -1 -1 -1 -1 -1 -1 -1 -1 -1 -1 -1 -1 -1 -1 -1 -1 -1 -1 
-1 -1 -1 -1 -1 -1 -1 -1 -1 -1 -1 -1 -1 -1 -1 -1 -1 -1 -1 -1 -1 -1 -1 -1 
-1 -1 -1 -1 -1 -1 -1 -1 -1 -1 -1 -1 -1 -1 -1 -1 -1 -1 -1 -1 -1 -1 -1 -1 
-1 -1 -1 -1 -1 -1 -1 -1 -1 -1 -1 -1 -1 -1 -1 -1 -1 -1 -1 -1 -1 -1 -1 -1 
-1 -1 -1 -1 -1 -1 -1 -1 -1 -1 -1 -1 -1 -1 -1 -1 -1 -1 -1 -1 -1 -1 -1 -1 
909 527 674 514 935 655 598 634 866 582 614 635 912 961 738 945 898 1295 729 1296 887 1625 739 1612 
-1 -1 -1 -1 -1 -1 -1 -1 -1 -1 -1 -1 -1 -1 -1 -1 -1 -1 -1 -1 -1 -1 -1 -1 
680 367 624 550 773 306 675 597 698 294 635 517 955 521 895 640 1200 619 1152 719 1439 725 1394 826 
-1 -1 -1 -1 -1 -1 -1 -1 -1 -1 -1 -1 -1 -1 -1 -1 -1 -1 -1 -1 -1 -1 -1 -1 
521 396 545 531 589 251 653 478 492 459 643 502 903 421 893 538 1163 416 1155 525 1398 433 1396 531 
506 314 540 425 526 283 627 479 492 438 644 506 736 354 746 408 597 276 578 399 585 402 601 409 
463 296 459 451 543 283 507 472 469 420 517 483 616 334 610 436 559 330 511 509 492 413 537 447 
455 324 460 539 506 292 490 570 499 369 512 506 532 352 537 463 496 274 470 429 536 288 544 353 
459 332 443 564 522 287 439 543 575 345 501 461 468 361 450 474 502 311 492 438 552 341 552 404 
292 118 288 205 357 105 312 332 355 123 235 432 479 184 491 206 578 205 623 194 620 326 664 396 
267 84 269 123 258 152 252 257 227 177 202 416 480 103 508 84 554 239 589 199 633 342 652 382 
321 2 249 113 359 35 265 263 321 -42 181 416 472 40 441 69 539 208 510 223 627 353 558 382 
308 -42 265 95 350 -66 217 261 376 -69 186 425 407 5 402 53 486 201 488 244 555 356 558 372 
335 -90 275 58 402 -3 249 229 509 99 199 431 411 -28 355 33 477 191 370 245 554 356 436 371 
346 -36 286 145 405 -18 261 290 478 66 214 447 393 15 341 100 499 158 392 235 546 330 449 336 
346 25 286 179 409 2 254 305 441 11 238 447 406 63 366 132 465 181 354 255 553 339 432 351 
295 37 272 178 334 26 280 300 371 48 253 445 379 75 356 139 501 188 407 267 570 343 472 338 
255 147 307 65 260 262 349 58 239 352 367 52 367 116 398 94 446 195 507 186 463 308 546 344 
297 153 398 59 325 271 478 52 329 403 506 57 375 129 413 89 444 200 509 188 419 315 551 354 
435 134 434 111 506 197 513 165 570 286 563 212 383 120 405 110 436 172 522 203 293 321 651 312 
433 197 413 106 483 260 480 61 546 299 513 71 439 144 455 110 449 183 414 168 423 238 352 295 
374 205 392 124 398 210 453 95 360 222 378 123 501 183 524 120 528 211 442 173 641 268 424 275 
408 175 447 168 500 123 533 126 544 106 534 95 483 158 508 138 532 157 522 177 634 238 612 190 
424 114 450 246 525 49 572 210 558 61 601 153 497 125 501 182 565 142 559 222 618 241 623 247 
435 104 484 247 556 51 617 214 602 48 649 157 581 127 584 204 571 136 560 251 641 245 601 259 
453 100 472 222 558 46 562 182 588 14 564 114 635 111 640 190 585 96 617 243 647 218 643 253 
460 100 497 238 537 27 598 236 583 3 641 222 658 107 665 192 621 87 682 252 758 173 819 237 
469 101 503 243 552 31 594 249 605 12 590 237 687 99 695 186 686 110 747 242 844 147 874 209 
477 102 517 248 563 25 613 264 628 28 622 259 692 100 699 189 817 109 823 242 945 116 959 195 
479 126 530 268 561 69 614 285 486 197 606 272 691 110 709 208 766 90 825 248 898 92 936 193 
473 144 526 279 498 92 593 302 490 200 581 292 684 116 705 208 733 81 800 223 847 86 892 162 
-1 -1 -1 -1 -1 -1 -1 -1 -1 -1 -1 -1 -1 -1 -1 -1 -1 -1 -1 -1 -1 -1 -1 -1 
737 127 538 71 716 262 442 213 783 310 449 284 617 375 499 358 589 585 467 562 558 727 453 708 
739 144 541 74 743 284 443 215 798 314 457 311 615 395 495 371 592 621 461 586 565 776 445 753 
761 162 559 99 742 305 443 235 734 390 467 379 605 414 494 390 589 624 456 588 565 768 442 749 
741 187 562 124 698 331 442 264 654 464 466 422 587 431 484 408 587 646 436 618 554 781 430 745 
758 204 565 127 688 338 440 268 629 478 465 428 584 422 480 398 592 646 419 611 541 756 425 675 
741 198 563 126 670 340 432 273 612 479 454 447 567 422 465 398 589 658 419 602 534 786 407 695 
734 193 562 124 659 338 423 274 605 481 439 453 558 425 456 403 580 671 412 627 523 812 390 736 
728 191 558 122 657 340 415 275 603 479 426 448 556 426 451 408 580 684 419 648 510 831 380 776 
726 190 548 120 656 335 405 272 602 478 414 441 552 423 445 406 581 676 419 640 504 812 372 759 
714 188 535 120 653 331 396 272 601 474 401 445 549 421 438 407 578 669 415 637 511 801 361 753 
713 188 527 119 653 329 387 271 597 469 388 445 550 415 432 403 582 664 413 629 512 797 362 736 
700 175 499 117 644 328 359 270 589 465 356 445 537 414 415 402 571 662 392 627 510 795 341 754 
687 160 475 112 634 325 337 275 581 462 334 451 521 410 397 401 569 665 397 650 502 802 334 775 
669 153 450 110 614 323 319 281 580 459 314 452 511 410 383 404 564 663 390 661 473 753 312 749 
640 148 415 111 590 321 300 288 586 459 304 448 496 406 361 403 551 658 365 652 473 757 326 753 
630 144 402 111 587 314 297 290 591 457 304 445 493 410 359 408 530 658 360 650 482 796 327 785 
626 140 403 111 586 308 303 289 595 450 308 443 494 411 359 408 535 657 352 644 487 795 329 755 
621 136 397 114 588 305 303 292 599 440 315 445 494 417 367 417 537 665 361 647 488 809 332 749 
620 133 395 117 593 304 307 293 615 432 320 447 498 418 373 420 542 664 365 646 490 810 346 751 
618 133 395 117 594 304 311 293 637 421 315 446 502 424 377 422 545 665 381 655 496 834 361 807 
608 131 385 117 597 305 313 294 686 390 307 436 504 429 378 423 545 665 381 654 508 836 371 820 
605 131 377 119 598 308 315 317 705 374 306 430 508 432 380 426 545 670 374 667 513 829 376 814 
604 129 375 121 600 309 322 316 707 363 304 391 513 431 381 425 546 671 372 667 528 839 384 821 
601 128 371 122 600 309 325 315 704 353 303 380 513 430 380 424 545 670 369 667 527 834 380 820 
602 127 372 122 601 309 333 308 709 354 305 383 515 430 380 424 543 670 374 651 534 822 391 814 
601 124 372 122 601 309 336 303 709 357 305 385 516 430 380 423 544 669 376 652 536 821 403 810 
603 125 373 123 604 311 336 302 715 361 305 386 517 430 381 424 540 670 371 663 535 846 397 837 
603 125 371 124 604 312 333 308 711 364 306 391 516 430 380 424 530 669 374 652 533 841 393 829 
603 125 371 123 604 312 332 307 706 367 307 376 517 430 381 424 534 666 373 644 533 841 392 829 
598 125 367 124 602 313 328 306 698 368 310 372 516 432 379 428 535 667 374 650 534 855 391 859 
593 126 363 124 601 316 323 306 696 370 314 370 516 431 378 428 533 671 367 664 539 854 380 862 
588 127 357 124 597 321 315 311 690 375 328 374 508 431 372 430 523 671 372 664 535 834 382 854 
573 126 347 125 576 321 311 319 635 391 377 385 499 433 369 435 526 669 375 653 528 836 370 853 
568 125 339 125 566 319 310 323 604 394 398 389 493 433 365 436 525 666 378 650 518 828 371 851 
565 125 335 126 561 320 310 333 581 393 429 385 488 436 360 438 526 666 378 650 512 813 370 838 
567 125 337 125 560 326 311 335 540 393 487 353 491 433 357 437 533 649 369 647 513 787 370 804 
568 125 339 123 557 325 311 334 502 392 490 338 490 430 355 435 532 649 370 655 513 795 378 825 
568 125 338 123 554 327 316 338 472 384 496 330 491 429 356 431 532 650 370 666 513 829 377 856 
570 124 338 121 557 327 318 337 467 375 491 330 492 425 357 423 532 651 358 661 523 830 354 855 
571 124 338 120 557 327 319 337 468 369 492 331 492 425 358 423 534 651 356 668 525 851 353 863 
571 122 338 117 559 326 320 337 475 366 494 334 493 424 358 423 534 652 358 667 524 846 355 857 
572 122 339 117 560 326 322 337 474 360 491 336 494 425 358 422 535 653 358 666 523 845 349 856 
571 122 339 117 561 326 326 337 454 342 498 322 494 435 356 432 538 662 359 666 531 862 351 872 
570 123 339 117 563 331 333 338 431 319 509 312 495 436 356 437 538 663 359 666 530 849 351 865 
570 123 340 117 594 335 334 338 448 298 529 300 495 438 354 437 539 666 361 666 529 841 352 860 
570 123 341 117 606 339 334 341 448 294 522 297 491 441 351 438 540 669 362 668 528 815 355 848 
571 123 342 115 615 339 340 341 448 302 533 300 492 442 351 439 540 669 363 676 527 821 359 859 
572 124 345 111 631 339 350 341 454 306 538 305 491 443 351 439 542 670 361 699 520 823 360 864 
572 127 347 109 636 339 358 340 456 309 545 306 490 446 350 439 542 672 361 692 511 824 360 863 
574 130 350 107 637 339 360 340 458 312 547 309 490 447 350 438 542 678 368 689 512 845 364 866 
574 131 350 107 634 340 357 337 457 313 545 312 490 451 349 439 543 680 369 687 513 850 364 883 
574 132 350 107 633 340 355 333 456 314 544 312 490 453 350 440 543 681 370 686 513 887 361 898 
575 134 350 107 631 343 354 332 456 315 545 314 491 454 350 440 546 688 370 686 513 893 362 904 
575 135 351 107 630 345 356 332 456 315 544 316 490 454 349 440 545 687 371 686 517 886 370 900 
575 138 353 110 631 347 357 333 457 317 545 322 490 465 349 449 543 686 371 686 510 881 366 894 
577 146 356 119 633 355 362 342 460 318 550 329 490 475 350 458 544 695 371 694 496 875 366 901 
581 172 365 137 633 373 372 358 465 342 559 348 491 499 351 484 544 698 370 707 498 884 359 935 
586 189 370 155 632 387 378 377 469 359 563 366 500 520 358 505 552 706 371 769 507 931 359 976 
588 202 376 171 636 396 385 385 471 374 562 379 505 526 367 517 556 715 379 786 508 958 360 994 
588 215 378 186 638 407 388 396 479 386 566 393 508 532 379 526 557 716 395 793 514 964 372 998 
587 222 378 198 637 410 389 404 479 395 564 399 509 526 379 524 561 714 400 790 531 955 386 993 
573 230 375 220 634 411 386 415 477 402 563 404 504 524 377 525 566 712 397 781 544 931 387 979 
560 235 366 228 622 410 380 414 472 407 548 404 503 523 376 526 570 711 395 773 564 912 400 973 
550 237 356 230 609 412 365 414 465 407 533 402 503 530 375 537 583 739 404 793 571 934 431 997 
541 239 347 234 595 410 349 414 458 408 516 399 500 528 370 536 580 719 402 787 577 925 422 987 
528 243 336 237 581 412 349 415 459 407 505 397 497 526 366 532 581 685 390 695 590 903 452 928 
518 248 329 241 572 415 343 416 457 407 494 396 492 525 362 530 581 680 381 712 586 904 440 929 
512 247 323 245 572 414 336 417 453 406 493 395 490 524 360 531 581 679 366 683 587 895 439 912 
504 254 318 254 567 415 329 419 438 404 485 396 488 525 357 532 580 656 368 645 594 888 438 904 
500 260 313 262 563 417 329 421 434 404 485 396 487 528 356 533 580 650 361 617 594 884 436 887 
496 261 307 264 562 416 329 420 429 404 484 396 486 527 355 532 576 640 351 589 590 881 421 856 
495 268 307 274 562 415 327 421 422 403 481 398 485 527 354 532 575 635 340 582 584 880 396 847 
495 275 307 279 562 416 329 421 426 404 483 399 485 528 353 531 572 631 342 576 583 868 404 841 
493 276 304 280 559 416 329 420 415 404 484 399 485 531 353 532 569 626 332 572 575 871 392 829 
486 281 305 288 550 415 329 417 412 403 480 398 484 531 353 532 570 617 338 570 566 868 392 830 
481 284 304 291 544 415 329 415 403 400 477 398 478 530 351 532 571 610 330 575 557 840 357 831 
479 285 303 294 541 415 327 415 403 398 472 398 477 528 351 528 568 603 331 565 558 835 357 815 
477 288 303 298 539 415 327 416 401 398 469 398 476 526 351 525 566 592 333 560 560 835 364 808 
477 290 303 302 540 417 325 417 403 398 466 398 476 524 351 524 561 586 335 565 560 820 369 811 
474 294 302 303 539 417 322 417 405 397 462 397 475 524 351 525 561 595 327 629 560 827 361 831 
470 300 303 302 566 411 286 408 453 371 442 399 473 520 350 522 562 593 328 560 567 809 379 803 
468 303 303 301 564 403 259 403 496 375 406 399 471 520 350 522 562 596 333 600 572 813 401 809 
466 301 302 300 539 396 242 401 532 394 342 401 466 516 350 522 558 592 357 584 569 820 449 785 
468 299 302 300 539 380 259 390 585 406 270 421 466 514 354 519 575 565 339 529 556 801 389 766 
469 300 303 301 539 378 259 385 588 412 258 430 467 512 354 515 575 575 319 548 562 803 353 782 
470 300 303 302 540 379 254 381 587 414 253 431 468 509 352 514 573 576 323 567 571 810 364 790 
470 301 303 302 538 377 251 381 587 415 254 427 468 509 352 514 574 576 324 568 588 813 364 792 
469 300 303 302 536 376 249 381 585 415 256 426 466 510 352 513 576 581 326 511 584 815 361 747 
466 300 302 302 534 376 247 383 586 414 257 427 466 513 352 520 586 583 348 537 591 810 404 758 
458 300 298 302 525 377 245 384 590 414 263 430 466 513 356 525 602 585 389 575 605 807 459 769 
450 301 295 303 521 377 243 385 590 413 272 434 466 515 359 532 611 586 407 586 623 812 458 797 
441 303 290 303 513 378 239 388 590 413 280 440 465 521 360 538 621 587 436 594 626 819 452 801 
426 303 282 302 500 378 234 390 590 413 290 449 458 521 360 536 637 587 465 597 637 822 469 804 
419 303 275 301 493 380 230 393 590 412 300 448 452 521 359 535 647 586 466 580 678 822 546 791 
414 304 275 299 488 382 234 393 589 412 310 450 454 521 360 535 654 586 484 582 676 822 549 793 
409 304 275 298 482 384 234 397 589 412 320 447 455 521 364 536 660 590 506 611 689 817 566 803 
408 305 275 298 480 387 232 399 588 412 322 446 455 521 368 536 658 590 514 618 689 803 580 810 
411 305 275 298 482 391 228 403 589 412 323 445 460 521 370 536 664 593 506 612 694 832 572 814 
411 305 275 298 482 392 227 403 589 411 324 445 462 521 371 535 660 594 503 601 696 831 557 803 
413 305 274 299 485 394 227 404 590 411 322 445 463 521 370 535 657 594 495 571 690 841 551 792 
415 305 274 299 486 394 227 404 591 412 316 445 463 520 370 532 654 594 490 575 674 841 526 800 
418 305 275 299 491 394 228 402 591 414 306 446 465 520 371 532 654 571 487 558 662 840 526 778 
432 304 279 300 512 391 233 396 592 417 290 446 471 527 372 537 649 576 429 586 623 839 481 804 
446 304 285 300 526 389 234 392 593 419 280 446 474 528 371 537 627 604 415 627 589 844 458 844 
468 304 291 299 539 390 236 387 593 419 257 445 480 531 365 537 594 632 319 642 557 843 382 846 
476 303 297 299 546 387 245 384 593 418 248 439 479 531 355 536 576 650 294 671 534 802 347 837 
485 303 307 298 553 386 253 380 592 419 242 435 478 530 351 533 543 647 300 654 528 809 346 832 
489 302 318 299 554 385 263 381 589 421 243 434 475 529 349 528 532 646 299 643 501 796 326 821 
504 303 327 300 564 389 269 382 579 424 241 432 470 529 347 526 496 640 260 638 498 802 280 828 
511 305 336 300 567 395 275 383 575 424 239 431 466 529 345 519 482 618 266 602 485 805 268 818 
518 305 341 300 569 399 279 383 572 423 241 432 463 527 342 514 486 613 243 608 481 804 247 818 
523 305 346 300 576 403 282 387 570 422 241 432 463 527 343 512 506 576 242 579 469 777 246 791 
526 305 349 300 576 405 286 389 568 422 242 431 463 527 343 511 496 608 229 589 452 792 243 792 
526 306 350 300 575 405 287 392 568 422 241 431 463 527 343 509 481 600 236 582 453 783 247 788 
526 306 351 300 575 405 289 392 567 422 240 431 463 526 343 509 479 604 238 586 458 786 248 792 
527 306 351 301 574 405 288 393 566 421 240 431 464 525 343 509 479 603 242 589 462 787 252 794 
525 306 349 301 572 405 286 393 567 420 241 431 463 525 339 510 485 626 244 637 467 806 253 823 
522 306 347 301 572 405 286 394 568 420 241 431 464 525 339 511 490 644 249 628 473 806 259 822 
520 305 346 301 567 403 282 395 570 421 241 431 465 525 339 513 492 650 259 627 475 806 260 820 
513 304 339 300 561 398 278 395 572 423 242 432 466 522 339 513 494 661 267 635 479 813 275 822 
501 301 326 299 555 395 270 396 578 423 244 435 469 519 339 516 531 652 294 620 499 798 305 815 
493 300 317 299 554 393 263 398 583 423 245 436 473 519 342 524 552 638 295 634 529 794 315 816 
468 300 305 299 534 387 249 400 587 422 256 438 473 516 347 523 583 619 349 625 569 806 355 817 
456 300 296 299 527 384 237 399 589 420 261 439 472 516 348 526 592 598 366 597 602 807 409 816 
448 300 292 299 518 380 237 393 590 418 268 439 468 516 352 529 623 584 411 584 603 812 431 797 
442 300 290 300 514 379 236 394 591 417 277 441 467 516 356 529 622 591 456 592 618 818 440 799 
445 301 290 301 515 380 234 395 592 414 279 443 466 518 357 529 622 593 436 580 619 824 440 796 
446 301 290 302 514 381 232 395 592 413 279 443 466 518 358 529 619 590 434 557 626 823 462 790 
447 302 289 304 516 381 233 395 591 412 279 443 466 518 357 529 616 588 425 565 623 821 447 791 
447 303 290 305 516 382 235 395 591 412 277 443 466 518 357 526 614 584 416 559 630 820 461 793 
448 306 290 306 518 382 236 395 591 412 277 443 466 520 357 526 612 584 414 561 623 820 444 793 
448 306 291 306 518 382 235 395 591 412 276 442 466 520 357 526 614 585 410 558 615 819 441 791 
448 306 291 306 518 382 236 394 591 412 276 442 466 520 357 526 611 584 412 558 614 822 449 792 
449 306 291 306 519 382 234 394 591 412 275 440 466 520 357 527 610 583 410 546 615 821 446 791 
450 306 291 307 520 382 233 394 589 412 275 438 468 522 358 527 610 582 405 533 613 819 441 784 
451 303 292 307 521 382 232 396 588 412 275 438 469 521 358 527 611 583 400 521 607 822 440 772 
458 296 294 304 524 383 231 396 587 412 275 437 472 521 361 529 612 584 400 527 609 821 439 776 
466 290 298 300 526 383 231 395 586 412 278 437 477 520 363 528 612 587 408 529 608 821 438 778 
477 285 306 291 530 383 231 390 586 413 280 438 478 520 364 528 613 592 415 593 608 831 439 807 
492 279 317 281 539 369 221 353 587 413 280 433 481 521 367 529 617 599 383 587 608 829 411 788 
503 272 328 271 544 356 220 326 584 409 279 428 485 519 371 523 616 598 365 577 613 826 413 781 
509 272 339 268 546 344 213 302 579 407 277 422 484 516 370 515 616 599 375 583 614 826 416 783 
525 273 347 270 555 336 205 293 578 406 272 420 488 515 373 516 616 599 397 591 614 825 424 802 
533 273 350 271 565 319 201 295 578 406 268 420 487 516 373 517 615 597 397 589 623 811 412 806 
537 273 352 272 569 316 201 294 578 405 266 420 486 516 373 517 615 597 397 596 628 804 411 809 
543 273 357 273 565 324 203 296 579 406 266 420 488 516 373 518 615 597 399 601 629 804 415 810 
544 273 359 274 563 324 204 294 579 406 266 421 489 516 374 519 619 600 419 611 630 799 416 809 
544 271 359 274 562 322 205 295 579 406 266 421 490 515 374 519 619 601 415 618 631 799 417 821 
544 271 361 275 563 325 206 293 579 406 266 421 490 515 374 519 619 601 414 612 630 800 421 819 
545 271 360 275 563 325 206 292 580 406 265 420 489 515 374 519 619 602 412 608 628 801 422 817 
545 268 360 272 563 322 206 289 580 406 265 420 489 515 373 519 619 611 397 656 609 812 421 841 
544 265 360 268 563 320 206 289 580 406 265 420 489 515 372 520 617 616 417 646 610 812 429 837 
545 262 359 268 563 316 209 287 580 406 265 422 489 515 372 521 616 630 423 666 587 817 429 834 
546 256 359 261 563 314 210 283 580 406 265 422 491 508 373 516 611 634 381 670 589 818 434 829 
547 216 360 223 564 300 223 276 580 403 265 421 497 480 380 497 603 636 387 671 580 816 446 830 
548 187 362 197 566 286 233 274 580 400 263 420 503 458 381 480 596 635 389 663 574 800 449 819 
556 165 363 177 568 288 245 276 580 399 261 419 507 444 382 465 582 631 398 670 574 798 447 830 
570 134 365 140 573 279 276 272 582 396 261 417 514 421 387 432 577 629 400 653 555 781 432 797 
576 127 367 124 576 273 290 271 583 393 266 414 514 412 387 421 552 627 400 638 551 771 417 783 
582 114 370 111 583 265 302 268 585 390 268 410 520 405 393 414 550 627 406 637 557 772 414 791 
584 93 371 84 587 253 309 256 592 386 272 405 520 384 395 393 546 598 407 603 549 753 416 764 
584 80 370 73 593 245 312 250 600 384 277 405 523 379 396 386 541 603 407 607 555 759 417 776 
583 69 370 62 594 238 313 243 605 379 286 404 527 378 397 386 542 605 411 613 556 764 427 782 
581 58 367 52 594 239 311 239 613 380 288 404 531 378 397 389 544 622 412 615 558 780 429 784 
579 50 363 51 595 243 307 243 621 392 286 406 534 379 399 389 545 634 413 624 560 812 428 811 
578 45 361 47 597 241 308 244 627 393 285 410 536 378 398 389 547 639 413 625 561 820 427 817 
578 45 361 46 608 241 318 244 633 395 299 415 537 381 398 391 548 640 413 626 562 821 429 818 
578 43 361 42 614 239 322 243 637 395 318 415 539 377 397 390 549 639 414 626 565 818 431 817 
578 41 361 40 616 237 325 242 637 395 333 413 540 372 398 385 550 637 415 622 568 817 432 817 
577 40 361 39 619 238 329 241 646 397 336 415 541 372 402 386 550 641 416 625 571 836 431 830 
577 39 361 42 621 237 331 241 655 397 331 420 543 375 408 388 551 641 430 632 582 833 444 830 
577 40 361 42 622 237 333 242 659 396 328 421 545 377 411 390 552 641 430 632 587 831 445 827 
577 41 362 43 623 237 334 241 663 396 324 420 545 374 412 388 552 643 430 633 586 837 446 830 
579 43 366 43 629 237 332 239 685 395 289 411 545 381 411 390 550 653 429 638 579 848 450 838 
580 44 368 42 639 236 317 228 715 355 230 371 545 386 411 389 544 651 404 635 563 844 405 820 
582 42 368 36 676 196 247 179 799 253 101 294 546 386 414 386 543 645 410 637 553 823 419 820 
583 41 367 38 692 163 220 150 819 175 59 219 547 390 418 387 544 645 413 637 555 814 432 823 
583 41 364 38 702 138 215 112 840 139 58 143 547 394 415 389 544 646 413 639 556 814 433 836 
588 41 362 39 722 101 170 49 875 89 16 51 547 396 415 392 544 647 412 644 557 815 431 842 
-1 -1 -1 -1 -1 -1 -1 -1 -1 -1 -1 -1 -1 -1 -1 -1 -1 -1 -1 -1 -1 -1 -1 -1 
-1 -1 -1 -1 -1 -1 -1 -1 -1 -1 -1 -1 -1 -1 -1 -1 -1 -1 -1 -1 -1 -1 -1 -1 
-1 -1 -1 -1 -1 -1 -1 -1 -1 -1 -1 -1 -1 -1 -1 -1 -1 -1 -1 -1 -1 -1 -1 -1 
-1 -1 -1 -1 -1 -1 -1 -1 -1 -1 -1 -1 -1 -1 -1 -1 -1 -1 -1 -1 -1 -1 -1 -1 
-1 -1 -1 -1 -1 -1 -1 -1 -1 -1 -1 -1 -1 -1 -1 -1 -1 -1 -1 -1 -1 -1 -1 -1 
-1 -1 -1 -1 -1 -1 -1 -1 -1 -1 -1 -1 -1 -1 -1 -1 -1 -1 -1 -1 -1 -1 -1 -1 
-1 -1 -1 -1 -1 -1 -1 -1 -1 -1 -1 -1 -1 -1 -1 -1 -1 -1 -1 -1 -1 -1 -1 -1 
-1 -1 -1 -1 -1 -1 -1 -1 -1 -1 -1 -1 -1 -1 -1 -1 -1 -1 -1 -1 -1 -1 -1 -1 
-1 -1 -1 -1 -1 -1 -1 -1 -1 -1 -1 -1 -1 -1 -1 -1 -1 -1 -1 -1 -1 -1 -1 -1 
-1 -1 -1 -1 -1 -1 -1 -1 -1 -1 -1 -1 -1 -1 -1 -1 -1 -1 -1 -1 -1 -1 -1 -1 
611 46 390 39 666 231 329 224 730 397 257 392 573 347 449 335 573 547 381 545 546 693 423 713 
-1 -1 -1 -1 -1 -1 -1 -1 -1 -1 -1 -1 -1 -1 -1 -1 -1 -1 -1 -1 -1 -1 -1 -1 
-1 -1 -1 -1 -1 -1 -1 -1 -1 -1 -1 -1 -1 -1 -1 -1 -1 -1 -1 -1 -1 -1 -1 -1 
-1 -1 -1 -1 -1 -1 -1 -1 -1 -1 -1 -1 -1 -1 -1 -1 -1 -1 -1 -1 -1 -1 -1 -1 
-1 -1 -1 -1 -1 -1 -1 -1 -1 -1 -1 -1 -1 -1 -1 -1 -1 -1 -1 -1 -1 -1 -1 -1 
-1 -1 -1 -1 -1 -1 -1 -1 -1 -1 -1 -1 -1 -1 -1 -1 -1 -1 -1 -1 -1 -1 -1 -1 
-1 -1 -1 -1 -1 -1 -1 -1 -1 -1 -1 -1 -1 -1 -1 -1 -1 -1 -1 -1 -1 -1 -1 -1 
-1 -1 -1 -1 -1 -1 -1 -1 -1 -1 -1 -1 -1 -1 -1 -1 -1 -1 -1 -1 -1 -1 -1 -1 
-1 -1 -1 -1 -1 -1 -1 -1 -1 -1 -1 -1 -1 -1 -1 -1 -1 -1 -1 -1 -1 -1 -1 -1 
-1 -1 -1 -1 -1 -1 -1 -1 -1 -1 -1 -1 -1 -1 -1 -1 -1 -1 -1 -1 -1 -1 -1 -1 
-1 -1 -1 -1 -1 -1 -1 -1 -1 -1 -1 -1 -1 -1 -1 -1 -1 -1 -1 -1 -1 -1 -1 -1 
-1 -1 -1 -1 -1 -1 -1 -1 -1 -1 -1 -1 -1 -1 -1 -1 -1 -1 -1 -1 -1 -1 -1 -1 
-1 -1 -1 -1 -1 -1 -1 -1 -1 -1 -1 -1 -1 -1 -1 -1 -1 -1 -1 -1 -1 -1 -1 -1 
-1 -1 -1 -1 -1 -1 -1 -1 -1 -1 -1 -1 -1 -1 -1 -1 -1 -1 -1 -1 -1 -1 -1 -1 
-1 -1 -1 -1 -1 -1 -1 -1 -1 -1 -1 -1 -1 -1 -1 -1 -1 -1 -1 -1 -1 -1 -1 -1 
-1 -1 -1 -1 -1 -1 -1 -1 -1 -1 -1 -1 -1 -1 -1 -1 -1 -1 -1 -1 -1 -1 -1 -1 
-1 -1 -1 -1 -1 -1 -1 -1 -1 -1 -1 -1 -1 -1 -1 -1 -1 -1 -1 -1 -1 -1 -1 -1 
-1 -1 -1 -1 -1 -1 -1 -1 -1 -1 -1 -1 -1 -1 -1 -1 -1 -1 -1 -1 -1 -1 -1 -1 
-1 -1 -1 -1 -1 -1 -1 -1 -1 -1 -1 -1 -1 -1 -1 -1 -1 -1 -1 -1 -1 -1 -1 -1 
